0
5446 45
5447 45
5448 45
5450 45
5451 45
5452 45
5453 45
5454 45
5455 45
5456 45
5457 45
5458 45
5459 45
5460 45
5461 45
5462 45
5463 45
5464 45
5465 45
5466 45
5467 95
5468 95
5469 95
5470 95
5472 100
5473 100
5474 100
5475 100
5476 100
5477 100
5478 100
5479 100
5480 100
5481 300
5481 300
5482 300
5483 100
5484 100
5485 100
5486 100
5487 200
5488 200
5489 200
5490 200
5491 100
5492 100
5493 200
5494 200
5495 300
5496 300
5497 100
5498 100
5499 200
5500 200
5501 300
5502 300
5503 100
5504 100
5505 100
5507 100
5508 100
5509 200
5511 300
5513 300
5514 300
5516 100
5518 100
5520 100
5521 100
5522 200
5523 200
5525 300
0
5723 10
5724 50
5725 50
5726 175
5727 175
5728 200
5729 100
5730 100
5731 250
5732 300
5733 300
5734 100
5735 100
5736 100
5737 100
5738 100
5739 100
5740 100
5741 100
5742 200
5743 200
5744 300
5745 300
5746 100
5747 100
5748 200
5749 200
5750 300
5751 300
5752 100
5753 100
5754 200
5755 200
5756 300
5757 300
5758 100
5759 100
5760 200
5761 200
5762 300
5763 300
5764 100
5765 100
5766 200
5767 200
5768 300
5769 300
5770 100
5771 100
5772 200
5773 200
5774 300
5775 300
5776 100
5777 100
5778 200
5779 200
5780 300
5781 300
5782 100
5783 100
5785 100
5786 100
5787 150
5788 150
5789 200
5790 200
5791 250
5792 250
5793 300
5794 300
5795 50
5796 50
5797 100
5798 100
5800 150
5801 150
5802 200
5803 200
5804 250
5805 250
5806 300
5807 300
5808 50
5809 50
5810 100
5811 100
5812 150
5813 150
5814 200
5815 200
5816 250
5817 250
