0
5588 40
5589 80
5590 6
5591 6
5592 50
5593 50
5594 100
5595 100
5596 200
5597 200
5598 300
5599 300
5600 400
5601 400
5602 500
5603 500
5604 600
5607 500
5608 500
5609 600
5610 700
5611 800
5612 800
5613 800
5614 800
5614 800
5615 800
5616 800
5617 800
5618 800
5619 800
5620 800
5621 800
5622 800
5623 400
5624 400
5625 500
5626 500
5627 600
5628 600
5629 700
5630 700
5632 800
5633 300
5634 300
5635 400
5636 400
5637 500
5638 500
5639 600
5640 600
5641 700
5642 700
5643 800
5644 800
5645 300
5646 300
5647 400
5648 400
5649 500
5650 500
5651 600
5652 600
5653 700
5655 800
5656 800
5657 300
5659 400
