2
5820 10
5821 10
5823 450
5825 450
5826 450
5827 450
5828 450
5829 550
5830 550
5831 650
5832 650
5833 750
5834 750
5835 400
5836 400
5837 500
5838 500
5839 600
5840 600
5841 700
5842 700
5843 450
5844 450
5845 550
5846 550
5847 650
5848 650
5849 750
5850 750
5851 400
5852 400
5858 450
5860 450
5861 450
5862 550
5863 550
5864 650
5865 650
5866 750
5867 750
5868 400
5869 400
5870 500
5871 500
5872 600
5873 600
5874 700
5875 700
5876 450
5877 450
5878 550
5879 550
5880 650
5881 650
5882 750
5883 750
5884 400
5885 400
5886 500
5887 500
5888 600
5889 600
5890 700
5891 700
5892 800
5893 800
5894 800
5895 800
5896 800
5897 900
5897 900
