3
5589 5
5590 6
5591 6
5592 50
5593 50
5594 100
5595 100
5596 200
5597 200
5598 300
5599 300
5600 400
5601 400
5602 500
5603 500
5604 600
5607 500
5608 500
5609 600
5610 700
5611 700
5612 700
5613 700
5614 675
5614 700
5615 750
5616 750
5617 720
5618 720
5619 700
5620 700
5621 650
5622 650
5623 400
5624 400
5625 500
5626 500
5627 600
5628 600
5629 640
5630 640
5632 200
5633 300
5634 300
5635 400
5636 400
5637 500
5638 500
5639 600
5640 600
5641 640
5642 640
5643 200
5644 200
5645 300
5646 300
5647 400
5648 400
5649 500
5650 500
5651 600
5652 600
5653 640
5655 200
5656 200
5657 300
5659 400
