0
5529 88
5530 88
5531 88
5534 200
5536 100
5537 100
5538 200
5539 200
5540 300
5541 300
5542 150
5543 150
5544 250
5545 250
5546 350
5547 350
5548 100
5549 100
5550 200
5551 200
5552 200
5553 100
5554 100
5555 200
5556 200
5557 300
5558 300
5559 150
5560 150
5561 250
5562 250
5563 350
5564 350
5565 100
5566 100
5567 200
5568 200
5569 300
5570 300
5571 150
5572 150
5573 250
5574 250
5575 350
5576 350
5577 100
5578 100
5579 200
5580 200
5581 300
5582 300
5583 150
5584 150
5585 150
1
5723 10
5724 50
5725 50
5726 75
5727 75
5728 200
5729 100
5730 100
5731 250
5732 300
5733 300
5734 100
5735 100
5736 100
5737 100
5738 100
5739 100
5740 100
5741 100
5742 200
5743 200
5744 300
5745 300
5746 100
5747 100
5748 200
5749 200
5750 300
5751 300
5752 100
5753 100
5754 200
5755 200
5756 300
5757 300
5758 100
5759 100
5760 200
5761 200
5762 300
5763 300
5764 100
5765 100
5766 200
5767 200
5768 300
5769 300
5770 100
5771 100
5772 200
5773 200
5774 300
5775 300
5776 100
5777 100
5778 200
5779 200
5780 300
5781 300
5782 100
5783 100
5785 100
5786 100
5787 150
5788 150
5789 200
5790 200
5791 250
5792 250
5793 300
5794 300
5795 50
5796 50
5797 100
5798 100
5800 150
5801 150
5802 200
5803 200
5804 250
5805 250
5806 300
5807 300
5808 50
5809 50
5810 100
5811 100
5812 150
5813 150
5814 200
5815 200
5816 250
5817 250
