3
5820 10
5821 10
5823 350
5825 350
5826 350
5827 350
5828 350
5829 450
5830 450
5831 550
5832 550
5833 650
5834 650
5835 300
5836 300
5837 400
5838 400
5839 500
5840 500
5841 600
5842 600
5843 350
5844 350
5845 450
5846 450
5847 550
5848 550
5849 650
5850 650
5851 300
5852 300
5858 350
5860 350
5861 350
5862 450
5863 450
5864 550
5865 550
5866 650
5867 650
5868 300
5869 300
5870 400
5871 400
5872 500
5873 500
5874 600
5875 600
5876 350
5877 350
5878 450
5879 450
5880 550
5881 550
5882 650
5883 650
5884 300
5885 300
5886 400
5887 400
5888 500
5889 500
5890 600
5891 600
5892 700
5893 700
5894 700
5895 700
5896 700
5897 800
5897 800
