1
5820 10
5821 10
5823 250
5825 250
5826 250
5827 250
5828 250
5829 350
5830 350
5831 450
5832 450
5833 550
5834 550
5835 200
5836 200
5837 300
5838 300
5839 400
5840 400
5841 500
5842 500
5843 250
5844 250
5845 350
5846 350
5847 450
5848 450
5849 550
5850 550
5851 200
5852 200
5858 250
5860 250
5861 250
5862 350
5863 350
5864 450
5865 450
5866 550
5867 550
5868 200
5869 200
5870 300
5871 300
5872 400
5873 400
5874 500
5875 500
5876 250
5877 250
5878 350
5879 350
5880 450
5881 450
5882 550
5883 550
5884 200
5885 200
5886 300
5887 300
5888 400
5889 400
5890 500
5891 500
5892 600
5893 600
5894 600
5895 600
5896 600
5897 700
5897 700
