March 2011
3623 3625 3627 3628 3629 3630 3631 3633 3634 3635 3636 3637 3638 3644 3645 3646 3647 3648 3650 3651 3652 3653 3654 3660 3661 3662 3663 3664 3666 3667 3668 3669 3670 3671 3673 3674 3675 3676 3686 3688 3690 3691 3696 3697 3698 3699 3706 3708 3709 3710 3712 3713 3715 3716 3717 3718 3719 3720 3721 3723 3724 3725 3726 3727 3729 3730 3731 3732 3733 3735 3736 3737 3748 3750 3751 3752 3753 3754 3755 3756 3757 3759 3760 3761 3766 3767 3768 3769 3770 3771 3772 3773 3774 3775 3778 3782 3783 3784 3785 3786 3787 3790 3791 3792 3795 3796 3799 3800 3801 3802 3803 3804 3805 3806 3807 3811 3812 3813 3815 3816 3817 3818 3819 3820 3821 3822 3823 3824 3825 3826 3827 3828 3829 3830 3831 3832 3833 3834 3835 3837 3838 3839 3841 3842 3843 3844 3845 3846 3847 3848 3849 3850 3852 3855 3856 3857 3858 3859 3860 3861 3862 3863 3864 3865 3867 3868 3869 3870 3871 3872 3873 3874 3875 3876 3877 3878 3879 3882 3883 3884 3885 3886 3887 3888 3889 3890


Sept 2011
3975 3976 3980 3983 3984 3985 3986 3987 3988 3989 3991 3992 3993 3994 3995 3996 3997 3998 3999 4000 4001 4002 4004 4005 4006 4007 4008 4009 4010 4011 4012 4013 4014 4017 4018 4019 4021 4027 4051 4053 4055 4057 4059 4061 4063 4065 4067 4069 4071 4076 4078 4079 4080 4081 4082 4084 4087 4089 4093 4095 4097 4099 4101 4103 4105 4113 4114 4115 4116 4117 4118 4119 4122 4124 4126 4128 4130 4132 4134 4136 4138 4140 4142 4144 4146 4148 4150 4152 4154 4156 4158 4160 4162 4164 4166 4168 4170 4172 4174 4176 4177 4178 4181 4185 4189 4190 4191 4193 4194 4196 4198 4200 4202 4204 4206 4208 4211 4213 4215 4217 4219 4221 4223 4225 4227 4229 4230 4231 4232 4233 4235 4237 4239 4243 4246 4247 4248 4250 4252 4254 4258 4260 4262 4264 4266 4268 4270 4277 4279 4281 4290 4293 4295
 
4297 4299 4301 4303 4306 4307 4310 4312 4314 4316 4318 4320 4324 4326 4328 4330 4337 4339 4341 4343 4345 4347 4349 4351 4353 4355 4357 4359 4361 4363 4365 4367 4369 4371 4373 4375 4377 4379 4381 4383 4385 4433 4434 4435 4437 4438 4439 4440 4441 4451 4453 4455 4461 4463 4465 4467 4469 4471 4473 4475 4477 4479 4481 4483 4485 4487 4489 4491 4493 4513 4515 4517 4519 4521 4523 4525 4527 4529 4531 4533 4535 4537 4539 4541 4543 4545 4547 4549 4551 4553 4555 4557 4559 4560 4561 4563 4565 4567 4568 4569 4571 4573 4575 4577 4585 4586 4587 4588 4589 4593 4595 4597 4599 4601 4603 4605 4607 4609 4611 4613 4617 4619 4621 4623 4625 4627 4629 4631 4633 4635 4637 4639 4641 4643 4645 

4646 4648 4650 4652 4656 4658 4660 4662 4664 4666 4668 4670 4672 4674 4675 4676 4678 4679 4680 4682 4695 4698 4699 4700 4702 4704 4708 4710 4712 4714 4716 4725 4727 4729 4731 4733 4735 4737 4739 4741 4743 4745 4747 4749 4751 4753 4755 4757 4758 4759 4760 4761 4766 4768 4770 4772 4773 4774 4775 4776 4777 4778 4780 4781 4783 4785 4787 4789 4791 4793 4795 4797 4799 4801 4803 4806 4808 4810 4812 4814 4816 4818 4820 4822 4824 4826 4828 4830 4832 4834 4836 4838 4840 4842 4844 4846 4848 4850 4852 4854 4856 4858 4860 4862 4864 4866 


May 2012
4933 4935 4939 4941 4943 4947 4949 4951 4970 4972 4986 4988 4994 5075 5077 5082 5084 5085 5086 5088 5090 5098 5100 5102 5103 5110 5112 5114 5115 5116 5125 5127 5129 5135 5157 5158 5168 5169 5170 5174 5176 5177 5178 5182 5184 5185 5186 5190 5192 5198 5200 5201 5202 5206 5208 5209 5210 5214 5216 5217 5218 5222 5224 5225 5226 5245 5247 5249 5251 5256 5260 5264 5266 5268 5272 5274 5276 5278 5280 5284 5286 5287 5291 5293 5295 5299 5301 5303 5305 5307 5311 5313 5315 5317 5319 5323 5325 5327 5329 5331 5335 5337 5339 5341 5343 5347 5349 5351 5353 5355 5359 5361 5363 5365 5367 5371 5373 5375 5377 5379 5383 

no good
5385 5387 5389 5391 


Oct 2012
5447 5448 5450 5451 5454 5455 5456 5457 5458 5459 5460 5461 5462 5463 5464 5465 5466 5468 5469 5470 5471 5472 5473 5474 5475 5476 5477 5478 5479 5480 5481 5482 5484 5486 5488 5490 5492 5494 5496 5498 5500 5502 5504 5521 5523 5526 5530 5531 5537 5539 5541 5543 5545 5547 5549 5551 5556 5558 5560 5562 5564 5566 5568 5570 5572 5574 5576 5578 5580 5582 5584 5591 5593 5595 5597 5599 5601 5603 5608 5609 5610 5614 5616 5618 5620 5622 5624 5626 5628 5630 5632 5634 5636 5638 5640 5642 5644 5646 5648 5650 5652 5654 5656 5659 5675 5677 5679 5681 5683 5685 5687 5689 5691 5693 5695 5697 5699 5701 5703 5705 5709 5719 5725 5727 5728 5729 5731 5733 5735 5737 5739 5741 5743 5745 5747 5749 5751 5753 5755 5757 5759 5761 5763 5765 5767 5769 5771 5773 5775 5777 5779 5781 5783 5786 5788 5790 5792 5794

5796 5798 5801 5803 5805 5807 5809 5810 5811 5813 5815 5817 5826 5828 5830 5832 5834 5836 5838 5840 5842 5844 5846 5848 5850 5852 5861 5863 5865 5867 5869 5871 5873 5875 5877 5879 5881 5883 5885 5887 5889 5891 5892 5896 5897

process lxplus 5794 