2 FZ120P_02_MSSD_1 452.0 4789
2 FZ120P_02_MSSD_1 452.0 4797
2 FZ120P_02_MSSD_1 452.0 4810
2 FZ120P_02_MSSD_1 452.0 4818
2 FZ120P_02_MSSD_1 452.0 4826
2 FZ120P_02_MSSD_1 452.0 4834
2 FZ120P_02_MSSD_1 452.0 4842
2 FZ120P_02_MSSD_1 452.0 4850
2 FZ120P_02_MSSD_1 452.0 4858
2 FZ120P_02_MSSD_1 450.0 4866
2 FZ120P_02_MSSD_1 402.0 4773
2 FZ120P_02_MSSD_1 402.0 4774
2 FZ120P_02_MSSD_1 402.0 4776
2 FZ120P_02_MSSD_1 402.0 4777
2 FZ120P_02_MSSD_1 402.0 4779
2 FZ120P_02_MSSD_1 402.0 4780
2 FZ120P_02_MSSD_1 400.0 4772
2 FZ120P_02_MSSD_1 400.0 4775
2 FZ120P_02_MSSD_1 400.0 4778
2 FZ120P_02_MSSD_1 387.0 4865
2 FZ120P_02_MSSD_1 385.0 4809
2 FZ120P_02_MSSD_1 384.0 4849
2 FZ120P_02_MSSD_1 383.0 4825
2 FZ120P_02_MSSD_1 382.0 4788
2 FZ120P_02_MSSD_1 382.0 4796
2 FZ120P_02_MSSD_1 382.0 4817
2 FZ120P_02_MSSD_1 382.0 4833
2 FZ120P_02_MSSD_1 379.0 4841
2 FZ120P_02_MSSD_1 379.0 4857
2 FZ120P_02_MSSD_1 302.0 4787
2 FZ120P_02_MSSD_1 302.0 4795
2 FZ120P_02_MSSD_1 302.0 4803
2 FZ120P_02_MSSD_1 302.0 4808
2 FZ120P_02_MSSD_1 302.0 4816
2 FZ120P_02_MSSD_1 302.0 4824
2 FZ120P_02_MSSD_1 302.0 4832
2 FZ120P_02_MSSD_1 302.0 4840
2 FZ120P_02_MSSD_1 302.0 4848
2 FZ120P_02_MSSD_1 302.0 4856
2 FZ120P_02_MSSD_1 302.0 4864
2 FZ120P_02_MSSD_1 242.0 4823
2 FZ120P_02_MSSD_1 232.0 4855
2 FZ120P_02_MSSD_1 229.0 4839
2 FZ120P_02_MSSD_1 229.0 4847
2 FZ120P_02_MSSD_1 228.0 4794
2 FZ120P_02_MSSD_1 228.0 4863
2 FZ120P_02_MSSD_1 225.0 4815
2 FZ120P_02_MSSD_1 224.0 4786
2 FZ120P_02_MSSD_1 224.0 4807
2 FZ120P_02_MSSD_1 224.0 4831
2 FZ120P_02_MSSD_1 158.0 4783
2 FZ120P_02_MSSD_1 152.0 4784
2 FZ120P_02_MSSD_1 152.0 4785
2 FZ120P_02_MSSD_1 152.0 4793
2 FZ120P_02_MSSD_1 152.0 4801
2 FZ120P_02_MSSD_1 152.0 4805
2 FZ120P_02_MSSD_1 152.0 4806
2 FZ120P_02_MSSD_1 152.0 4814
2 FZ120P_02_MSSD_1 152.0 4822
2 FZ120P_02_MSSD_1 152.0 4830
2 FZ120P_02_MSSD_1 152.0 4838
2 FZ120P_02_MSSD_1 152.0 4846
2 FZ120P_02_MSSD_1 152.0 4854
2 FZ120P_02_MSSD_1 152.0 4862
2 FZ120P_02_MSSD_1 134.0 4853
2 FZ120P_02_MSSD_1 129.0 4821
2 FZ120P_02_MSSD_1 128.0 4837
2 FZ120P_02_MSSD_1 127.0 4792
2 FZ120P_02_MSSD_1 127.0 4845
2 FZ120P_02_MSSD_1 126.0 4829
2 FZ120P_02_MSSD_1 125.0 4813
2 FZ120P_02_MSSD_1 125.0 4861
2 FZ120P_02_MSSD_1 124.0 4800
2 FZ120P_02_MSSD_1 102.0 4781
2 FZ120P_02_MSSD_1 102.0 4782
2 FZ120P_02_MSSD_1 53.0 4811
2 FZ120P_02_MSSD_1 52.0 4790
2 FZ120P_02_MSSD_1 52.0 4791
2 FZ120P_02_MSSD_1 52.0 4798
2 FZ120P_02_MSSD_1 52.0 4799
2 FZ120P_02_MSSD_1 52.0 4812
2 FZ120P_02_MSSD_1 52.0 4819
2 FZ120P_02_MSSD_1 52.0 4820
2 FZ120P_02_MSSD_1 52.0 4827
2 FZ120P_02_MSSD_1 52.0 4828
2 FZ120P_02_MSSD_1 52.0 4835
2 FZ120P_02_MSSD_1 52.0 4836
2 FZ120P_02_MSSD_1 52.0 4843
2 FZ120P_02_MSSD_1 52.0 4844
2 FZ120P_02_MSSD_1 52.0 4851
2 FZ120P_02_MSSD_1 52.0 4852
2 FZ120P_02_MSSD_1 52.0 4859
2 FZ120P_02_MSSD_1 52.0 4860
