0 FZ320P_04_MSSD_2_n_4e14 688.0 4790
0 FZ320P_04_MSSD_2_n_4e14 683.0 4798
0 FZ320P_04_MSSD_2_n_4e14 604.0 4789
0 FZ320P_04_MSSD_2_n_4e14 604.0 4797
0 FZ320P_04_MSSD_2_n_4e14 604.0 4810
0 FZ320P_04_MSSD_2_n_4e14 604.0 4811
0 FZ320P_04_MSSD_2_n_4e14 604.0 4812
0 FZ320P_04_MSSD_2_n_4e14 604.0 4818
0 FZ320P_04_MSSD_2_n_4e14 604.0 4820
0 FZ320P_04_MSSD_2_n_4e14 604.0 4826
0 FZ320P_04_MSSD_2_n_4e14 604.0 4827
0 FZ320P_04_MSSD_2_n_4e14 604.0 4828
0 FZ320P_04_MSSD_2_n_4e14 604.0 4834
0 FZ320P_04_MSSD_2_n_4e14 604.0 4835
0 FZ320P_04_MSSD_2_n_4e14 604.0 4836
0 FZ320P_04_MSSD_2_n_4e14 604.0 4842
0 FZ320P_04_MSSD_2_n_4e14 604.0 4844
0 FZ320P_04_MSSD_2_n_4e14 604.0 4850
0 FZ320P_04_MSSD_2_n_4e14 604.0 4852
0 FZ320P_04_MSSD_2_n_4e14 604.0 4858
0 FZ320P_04_MSSD_2_n_4e14 604.0 4859
0 FZ320P_04_MSSD_2_n_4e14 604.0 4860
0 FZ320P_04_MSSD_2_n_4e14 604.0 4866
0 FZ320P_04_MSSD_2_n_4e14 603.0 4819
0 FZ320P_04_MSSD_2_n_4e14 603.0 4843
0 FZ320P_04_MSSD_2_n_4e14 602.0 4851
0 FZ320P_04_MSSD_2_n_4e14 390.0 4865
0 FZ320P_04_MSSD_2_n_4e14 388.0 4809
0 FZ320P_04_MSSD_2_n_4e14 387.0 4825
0 FZ320P_04_MSSD_2_n_4e14 387.0 4849
0 FZ320P_04_MSSD_2_n_4e14 386.0 4796
0 FZ320P_04_MSSD_2_n_4e14 386.0 4833
0 FZ320P_04_MSSD_2_n_4e14 385.0 4817
0 FZ320P_04_MSSD_2_n_4e14 384.0 4788
0 FZ320P_04_MSSD_2_n_4e14 383.0 4841
0 FZ320P_04_MSSD_2_n_4e14 382.0 4857
0 FZ320P_04_MSSD_2_n_4e14 304.0 4803
0 FZ320P_04_MSSD_2_n_4e14 304.0 4832
0 FZ320P_04_MSSD_2_n_4e14 304.0 4864
0 FZ320P_04_MSSD_2_n_4e14 303.0 4848
0 FZ320P_04_MSSD_2_n_4e14 302.0 4787
0 FZ320P_04_MSSD_2_n_4e14 302.0 4795
0 FZ320P_04_MSSD_2_n_4e14 302.0 4808
0 FZ320P_04_MSSD_2_n_4e14 302.0 4816
0 FZ320P_04_MSSD_2_n_4e14 302.0 4824
0 FZ320P_04_MSSD_2_n_4e14 302.0 4840
0 FZ320P_04_MSSD_2_n_4e14 302.0 4856
0 FZ320P_04_MSSD_2_n_4e14 244.0 4823
0 FZ320P_04_MSSD_2_n_4e14 235.0 4855
0 FZ320P_04_MSSD_2_n_4e14 233.0 4847
0 FZ320P_04_MSSD_2_n_4e14 232.0 4839
0 FZ320P_04_MSSD_2_n_4e14 232.0 4863
0 FZ320P_04_MSSD_2_n_4e14 230.0 4794
0 FZ320P_04_MSSD_2_n_4e14 228.0 4815
0 FZ320P_04_MSSD_2_n_4e14 228.0 4831
0 FZ320P_04_MSSD_2_n_4e14 227.0 4807
0 FZ320P_04_MSSD_2_n_4e14 226.0 4786
0 FZ320P_04_MSSD_2_n_4e14 161.0 4783
0 FZ320P_04_MSSD_2_n_4e14 154.0 4784
0 FZ320P_04_MSSD_2_n_4e14 154.0 4793
0 FZ320P_04_MSSD_2_n_4e14 154.0 4829
0 FZ320P_04_MSSD_2_n_4e14 154.0 4837
0 FZ320P_04_MSSD_2_n_4e14 154.0 4845
0 FZ320P_04_MSSD_2_n_4e14 154.0 4861
0 FZ320P_04_MSSD_2_n_4e14 154.0 4862
0 FZ320P_04_MSSD_2_n_4e14 153.0 4813
0 FZ320P_04_MSSD_2_n_4e14 153.0 4821
0 FZ320P_04_MSSD_2_n_4e14 153.0 4853
0 FZ320P_04_MSSD_2_n_4e14 152.0 4785
0 FZ320P_04_MSSD_2_n_4e14 152.0 4801
0 FZ320P_04_MSSD_2_n_4e14 152.0 4805
0 FZ320P_04_MSSD_2_n_4e14 152.0 4806
0 FZ320P_04_MSSD_2_n_4e14 152.0 4814
0 FZ320P_04_MSSD_2_n_4e14 152.0 4822
0 FZ320P_04_MSSD_2_n_4e14 152.0 4830
0 FZ320P_04_MSSD_2_n_4e14 152.0 4838
0 FZ320P_04_MSSD_2_n_4e14 152.0 4846
0 FZ320P_04_MSSD_2_n_4e14 152.0 4854
0 FZ320P_04_MSSD_2_n_4e14 104.0 4781
0 FZ320P_04_MSSD_2_n_4e14 102.0 4782
0 FZ320P_04_MSSD_2_n_4e14 77.0 4792
0 FZ320P_04_MSSD_2_n_4e14 72.0 4800
0 FZ320P_04_MSSD_2_n_4e14 22.0 4776
0 FZ320P_04_MSSD_2_n_4e14 22.0 4777
0 FZ320P_04_MSSD_2_n_4e14 22.0 4778
0 FZ320P_04_MSSD_2_n_4e14 22.0 4779
0 FZ320P_04_MSSD_2_n_4e14 22.0 4780
0 FZ320P_04_MSSD_2_n_4e14 6.0 4773
0 FZ320P_04_MSSD_2_n_4e14 6.0 4774
0 FZ320P_04_MSSD_2_n_4e14 6.0 4775
0 FZ320P_04_MSSD_2_n_4e14 0.0 4772
0 FZ320P_04_MSSD_2_n_4e14 0.0 4791
0 FZ320P_04_MSSD_2_n_4e14 0.0 4799
