3988
3989
3992
3993
3995
3996
3997
3998
3999
4000
4001
4002
4004
4006
4008
4010
4012
4014
4017
4018
4019
4027
4053
4055
4057
4059
4061
4063
4065
4067
4069
4071
4076
4078
4079
4080
4081
4082
4084
4087
4089
4093
4095
4097
4099
4101
4103
4105
4119
4122
4124
4126
4128
4130
4132
4134
4136
4138
4140
4142
4144
4146
4148
4150
4152
4154
4156
4158
4160
4162
4164
4166
4168
4172
4193
4194
4196
4198
4200
4202
4204
4211
4213
4215
4217
4219
4221
4223
4225
4227
4229
4230
4231
4235
4237
4239
4243
4246
4247
4248
4250
4252
4254
4258
4260
4262
4264
4266
4268
4270
4279
4281
4290
4293
4295
4297
4299
4301
4303
4306
4307
4310
4312
4314
4316
4318
4320
4324
4326
4328
4330
4337
4339
4341
4343
4345
4347
4349
4351
4353
4355
4357
4359
4361
4363
4365
4367
4369
4371
4373
4375
4377
4379
4381
4383
4385
4451
4453
4455
4461
4463
4465
4467
4469
4471
4473
4475
4477
4479
4481
4483
4485
4487
4489
4491
4493
4513
4515
4517
4519
4521
4523
4525
4527
4529
4531
4533
4535
4537
4539
4541
4543
4545
4547
4549
4551
4553
4555
4557
4559
4561
4563
4565
4567
4569
4571
4573
4575
4577
4588
4589
4593
4595
4597
4599
4601
4603
4605
4607
4609
4611
4613
4617
4619
4621
4623
4625
4627
4629
4631
4633
4635
4637
4639
4641
4643
4648
4650
4652
4656
4658
4660
4662
4664
4666
4668
4670
4672
4674
4676
4678
4695
4702
4704
4708
4714
4716
4725
4727
4729
4731
4733
4735
4737
4739
4741
4743
4745
4747
4749
4751
4753
4776
4777
4778
4780
4781
4783
4785
4787
4789
4791
4793
4795
4797
4799
4801
4803
4806
4808
4810
4812
4814
4816
4818
4820
4822
4824
4826
4828
4830
4832
4834
4836
4838
4840
4842
4844
4846
4848
4850
4852
4854
4856
4858
4860
4862
4864
4866
