3976 -1 -1 -1 -1 -1 -1 -1 -1
3980 -1 88 -1 88 -1 -1 -1 -1
3981 -1 88 -1 88 -1 -1 -1 -1
3982 -1 88 -1 88 -1 -1 -1 -1
3983 30 250 -1 88 -1 -1 -1 -1
3984 30 250 -1 88 -1 -1 -1 -1
3985 30 250 -1 88 -1 -1 -1 -1
3986 30 250 -1 88 -1 -1 -1 -1
3987 30 250 -1 88 -1 -1 -1 -1
3988 30 250 -1 88 -1 -1 -1 -1
3989 30 250 -1 88 -1 -1 -1 -1
3990 30 250 -1 88 -1 -1 -1 -1
3991 30 250 -1 88 -1 -1 -1 -1
3992 30 250 -1 88 -1 -1 -1 -1
3993 30 250 -1 88 -1 -1 -1 -1
3994 30 250 -1 88 -1 -1 -1 -1
3995 30 250 -1 88 -1 -1 -1 -1
3996 30 250 -1 88 -1 -1 -1 -1
3997 30 250 -1 88 -1 -1 -1 -1
3998 30 250 -1 88 -1 -1 -1 -1
3999 30 250 -1 88 -1 -1 -1 -1
4000 70 350 -1 88 -1 -1 -1 -1
4001 70 350 -1 88 -1 -1 -1 -1
4002 70 330 -1 88 -1 -1 -1 -1
4003 70 330 -1 88 -1 -1 -1 -1
4004 70 330 -1 88 -1 -1 -1 -1
4005 70 330 -1 88 -1 -1 -1 -1
4006 70 330 -1 88 -1 -1 -1 -1
4007 70 330 -1 88 -1 -1 -1 -1
4008 70 330 -1 88 -1 -1 -1 -1
4009 70 330 -1 88 -1 -1 -1 -1
4010 70 330 -1 88 -1 -1 -1 -1
4011 70 330 -1 88 -1 -1 -1 -1
4012 70 330 -1 88 -1 -1 -1 -1
4013 -1 -1 -1 -1 -1 -1 -1 -1
4014 -1 -1 -1 -1 -1 -1 -1 -1
4015 -1 -1 -1 -1 -1 -1 -1 -1
4016 -1 -1 -1 -1 -1 -1 -1 -1
4017 -1 -1 -1 -1 -1 -1 -1 -1
4018 100 100 -1 -1 -1 -1 -1 -1
4019 80 180 -1 -1 -1 -1 -1 -1
4021 80 180 -1 -1 -1 -1 150 -1
4022 55 156 -1 -1 -1 -1 170 -1
4026 54 158 -1 -1 -1 -1 176 -1
4027 54 158 -1 -1 -1 -1 176 -1
4028 11 221 -1 -1 -1 -1 6 -1
4029 11 221 -1 -1 -1 -1 6 -1
4030 33 300 -1 -1 -1 -1 99 -1
4031 33 300 -1 -1 -1 -1 99 -1
4032 69 37 -1 -1 -1 -1 187 -1
4033 69 37 -1 -1 -1 -1 187 -1
4034 28 98 -1 -1 -1 -1 241 -1
4035 28 98 -1 -1 -1 -1 241 -1
4036 43 148 -1 -1 -1 -1 83 -1
4037 43 148 -1 -1 -1 -1 83 -1
4038 89 237 -1 -1 -1 -1 178 -1
4039 89 237 -1 -1 -1 -1 178 -1
4040 7 287 -1 -1 -1 -1 8 -1
4041 7 287 -1 -1 -1 -1 8 -1
4042 27 8 -1 -1 -1 -1 69 -1
4043 27 8 -1 -1 -1 -1 69 -1
4044 47 75 -1 -1 -1 -1 160 -1
4045 47 75 -1 -1 -1 -1 160 -1
4046 80 126 -1 -1 -1 -1 211 -1
4047 80 126 -1 -1 -1 -1 211 -1
4048 92 207 -1 -1 -1 -1 18 -1
4049 92 207 -1 -1 -1 -1 18 -1
4050 33 296 -1 -1 -1 -1 89 -1
4051 33 296 -1 -1 -1 -1 89 -1
4052 65 34 -1 -1 -1 -1 166 -1
4053 65 34 -1 -1 -1 -1 166 -1
4054 85 96 -1 -1 -1 -1 2 -1
4055 85 96 -1 -1 -1 -1 2 -1
4056 22 148 -1 -1 -1 -1 63 -1
4057 22 148 -1 -1 -1 -1 63 -1
4058 80 199 -1 -1 -1 -1 121 -1
4059 80 199 -1 -1 -1 -1 121 -1
4060 100 350 -1 -1 -1 -1 200 -1
4061 100 350 -1 -1 -1 -1 200 -1
4062 57 65 -1 -1 -1 -1 24 -1
4063 57 65 -1 -1 -1 -1 24 -1
4064 7 131 -1 -1 -1 -1 84 -1
4065 7 131 -1 -1 -1 -1 84 -1
4066 60 193 -1 -1 -1 -1 138 -1
4067 60 193 -1 -1 -1 -1 138 -1
4068 97 291 -1 -1 -1 -1 227 -1
4069 97 291 -1 -1 -1 -1 227 -1
4070 90 350 -1 -1 -1 -1 250 -1
4071 90 350 -1 -1 -1 -1 250 -1
4072 70 300 -1 -1 -1 -1 150 -1
4073 70 300 -1 -1 -1 -1 150 -1
4074 70 300 -1 -1 -1 -1 150 -1
4075 70 300 -1 -1 -1 -1 150 -1
4076 70 300 -1 -1 -1 -1 150 -1
4077 70 300 -1 -1 -1 -1 150 -1
4078 70 300 -1 -1 -1 -1 150 -1
4079 70 300 -1 -1 -1 -1 150 -1
4080 70 300 -1 -1 -1 -1 150 -1
4081 70 300 -1 -1 -1 -1 150 -1
4082 70 300 -1 -1 -1 -1 150 -1
4083 70 300 -1 -1 -1 -1 150 -1
4084 70 300 -1 -1 -1 -1 150 -1
4086 70 300 -1 -1 -1 -1 150 -1
4087 70 300 -1 -1 -1 -1 150 -1
4088 -1 300 -1 -1 -1 -1 150 -1
4089 -1 300 -1 -1 -1 -1 150 -1
4090 -1 300 -1 -1 -1 -1 150 -1
4091 70 300 -1 -1 -1 -1 250 -1
4092 50 300 -1 -1 -1 -1 250 -1
4093 50 300 -1 -1 -1 -1 250 -1
4094 50 300 -1 -1 -1 -1 200 -1
4095 50 300 -1 -1 -1 -1 200 -1
4096 50 300 -1 -1 -1 -1 150 -1
4097 50 300 -1 -1 -1 -1 150 -1
4098 50 300 -1 -1 -1 -1 100 -1
4099 50 300 -1 -1 -1 -1 100 -1
4100 50 300 -1 -1 -1 -1 50 -1
4101 50 300 -1 -1 -1 -1 50 -1
4102 50 300 -1 -1 -1 -1 25 -1
4103 50 300 -1 -1 -1 -1 25 -1
4104 50 300 -1 -1 -1 -1 25 -1
4105 50 300 -1 -1 -1 -1 250 -1
4106 50 300 -1 -1 -1 -1 250 -1
4112 -1 300 -1 -1 -1 25 -1 -1
4113 -1 300 -1 -1 -1 25 -1 -1
4114 50 50 -1 -1 -1 25 50 50
4115 50 50 -1 -1 -1 25 50 50
4116 50 50 -1 -1 -1 25 50 50
4117 50 50 -1 -1 -1 25 50 50
4118 50 50 -1 -1 -1 25 50 50
4119 50 50 -1 -1 -1 25 50 50
4119 300 800 -1 -1 -1 25 300 300
4120 200 500 -1 -1 -1 25 200 200
4121 50 100 -1 -1 -1 25 50 50
4122 50 100 -1 -1 -1 25 50 50
4123 50 100 -1 -1 -1 25 50 50
4124 50 100 -1 -1 -1 25 50 50
4125 100 200 -1 -1 -1 25 100 100
4126 100 200 -1 -1 -1 25 100 100
4127 150 350 -1 -1 -1 25 150 150
4128 150 350 -1 -1 -1 25 150 150
4129 200 500 -1 -1 -1 25 200 200
4130 200 500 -1 -1 -1 25 200 200
4131 250 650 -1 -1 -1 25 250 250
4132 250 650 -1 -1 -1 25 250 250
4133 300 800 -1 -1 -1 25 300 300
4134 300 800 -1 -1 -1 25 300 300
4135 50 100 -1 -1 -1 25 50 50
4136 50 100 -1 -1 -1 25 50 50
4137 100 200 -1 -1 -1 25 100 100
4138 100 200 -1 -1 -1 25 100 100
4139 150 350 -1 -1 -1 25 150 150
4140 150 350 -1 -1 -1 25 150 150
4141 200 500 -1 -1 -1 25 200 200
4142 200 500 -1 -1 -1 25 200 200
4143 250 650 -1 -1 -1 25 250 250
4144 250 650 -1 -1 -1 25 250 250
4145 300 800 -1 -1 -1 25 300 300
4146 300 800 -1 -1 -1 25 300 300
4147 50 100 -1 -1 -1 25 50 50
4148 50 100 -1 -1 -1 25 50 50
4149 100 200 -1 -1 -1 25 100 100
4150 100 200 -1 -1 -1 25 100 100
4151 150 350 -1 -1 -1 25 150 150
4152 150 350 -1 -1 -1 25 150 150
4153 200 500 -1 -1 -1 25 200 200
4154 200 500 -1 -1 -1 25 200 200
4155 250 650 -1 -1 -1 25 250 250
4156 250 650 -1 -1 -1 25 250 250
4157 300 800 -1 -1 -1 25 300 300
4158 300 800 -1 -1 -1 25 300 300
4159 50 100 -1 -1 -1 25 50 50
4160 50 100 -1 -1 -1 25 50 50
4160 50 100 -1 -1 -1 -1 50 50
4161 100 200 -1 -1 -1 -1 100 100
4162 100 200 -1 -1 -1 -1 100 100
4163 150 350 -1 -1 -1 -1 150 150
4164 150 350 -1 -1 -1 -1 150 150
4165 200 500 -1 -1 -1 -1 200 200
4166 200 500 -1 -1 -1 -1 200 200
4167 250 650 -1 -1 -1 -1 250 250
4168 250 650 -1 -1 -1 -1 250 250
4169 50 100 -1 -1 -1 -1 50 50
4170 50 100 -1 -1 -1 -1 50 50
4171 50 100 -1 -1 -1 -1 50 50
4172 50 100 -1 -1 -1 -1 50 50
4173 50 100 -1 -1 -1 -1 50 50
4174 50 100 -1 -1 -1 -1 50 50
4175 50 100 -1 -1 -1 -1 50 50
4176 10 300 -1 -1 -1 -1 -1 300
4176 -1 300 -1 -1 -1 -1 -1 300
4177 -1 300 -1 -1 -1 -1 -1 300
4177 10 300 -1 -1 -1 -1 -1 300
4178 10 300 -1 -1 -1 -1 10 300
4178 -1 300 -1 -1 -1 -1 10 300
4181 -1 300 -1 -1 -1 -1 10 300
4183 5 100 -1 -1 -1 -1 5 100
4184 5 100 -1 -1 -1 -1 5 100
4185 5 100 -1 -1 -1 -1 5 100
4185 10 200 -1 -1 -1 -1 10 200
4188 90 200 -1 -1 -1 -1 90 200
4189 90 200 -1 -1 -1 -1 90 200
4189 150 200 -1 -1 -1 -1 150 200
4190 150 200 -1 -1 -1 -1 150 200
4191 150 200 -1 -1 -1 -1 -1 200
4192 150 200 -1 -1 -1 -1 -1 200
4193 150 200 -1 -1 -1 -1 -1 200
4194 150 200 -1 -1 -1 -1 -1 200
4195 450 100 -1 -1 -1 -1 300 100
4196 450 100 -1 -1 -1 -1 300 100
4197 550 150 -1 -1 -1 -1 425 150
4198 550 150 -1 -1 -1 -1 425 150
4199 650 200 -1 -1 -1 -1 550 200
4200 650 200 -1 -1 -1 -1 550 200
4201 800 300 -1 -1 -1 -1 800 300
4202 800 300 -1 -1 -1 -1 800 300
4203 725 250 -1 -1 -1 -1 675 250
4204 725 250 -1 -1 -1 -1 675 250
4205 450 100 -1 -1 -1 -1 300 100
4206 450 100 -1 -1 -1 -1 300 100
4207 550 150 -1 -1 -1 -1 425 150
4208 550 150 -1 -1 -1 -1 425 150
4210 450 100 -1 -1 -1 -1 300 100
4211 450 100 -1 -1 -1 -1 300 100
4212 550 150 -1 -1 -1 -1 425 150
4213 550 150 -1 -1 -1 -1 425 150
4214 650 200 -1 -1 -1 -1 550 200
4215 650 200 -1 -1 -1 -1 550 200
4216 800 300 -1 -1 -1 -1 800 300
4217 800 300 -1 -1 -1 -1 800 300
4218 725 250 -1 -1 -1 -1 675 250
4219 725 250 -1 -1 -1 -1 675 250
4220 450 100 -1 -1 -1 -1 300 100
4221 450 100 -1 -1 -1 -1 300 100
4222 550 150 -1 -1 -1 -1 425 150
4223 550 150 -1 -1 -1 -1 425 150
4224 650 200 -1 -1 -1 -1 550 200
4225 650 200 -1 -1 -1 -1 550 200
4226 800 300 -1 -1 -1 -1 800 300
4227 800 300 -1 -1 -1 -1 800 300
4228 450 100 -1 -1 -1 -1 -1 100
4229 -1 100 -1 -1 -1 -1 -1 100
4230 -1 100 -1 -1 -1 -1 -1 100
4231 -1 100 -1 -1 -1 -1 -1 100
4232 -1 100 -1 -1 -1 -1 -1 100
4233 10 10 -1 -1 -1 -1 10 10
4234 10 10 -1 -1 -1 -1 10 10
4235 10 10 -1 -1 -1 -1 10 10
4237 10 10 -1 -1 -1 -1 10 10
4238 10 10 -1 -1 -1 -1 10 10
4239 10 10 -1 -1 -1 -1 10 10
4240 10 10 -1 -1 -1 -1 10 10
4241 10 10 -1 -1 -1 -1 10 10
4242 10 10 -1 -1 -1 -1 10 10
4243 10 10 -1 -1 -1 -1 10 10
4244 999 999 -1 -1 -1 -1 999 -1
4245 999 -1 -1 -1 -1 -1 999 -1
4246 999 -1 -1 -1 -1 -1 999 -1
4247 999 -1 -1 -1 -1 -1 999 -1
4248 999 -1 -1 -1 -1 -1 999 -1
4249 300 100 -1 -1 -1 -1 300 100
4250 300 100 -1 -1 -1 -1 300 100
4251 550 150 -1 -1 -1 -1 425 150
4252 550 150 -1 -1 -1 -1 425 150
4253 650 200 -1 -1 -1 -1 550 200
4254 650 200 -1 -1 -1 -1 550 200
4255 800 300 -1 -1 -1 -1 800 300
4256 800 300 -1 -1 -1 -1 800 300
4257 725 250 -1 -1 -1 -1 675 250
4258 725 250 -1 -1 -1 -1 675 250
4259 600 600 -1 -1 -1 -1 600 600
4260 600 600 -1 -1 -1 -1 600 600
4261 999 999 -1 -1 -1 -1 999 999
4261 999 999 -1 -1 -1 -1 999 -1
4262 999 -1 -1 -1 -1 -1 999 -1
4263 300 100 -1 -1 -1 -1 300 100
4264 300 100 -1 -1 -1 -1 300 100
4265 550 150 -1 -1 -1 -1 425 150
4266 550 150 -1 -1 -1 -1 425 150
4267 650 200 -1 -1 -1 -1 550 200
4268 650 200 -1 -1 -1 -1 550 200
4269 800 300 -1 -1 -1 -1 800 300
4270 800 300 -1 -1 -1 -1 800 300
4277 300 100 -1 -1 -1 -1 300 100
4278 300 100 -1 -1 -1 -1 300 100
4279 300 100 -1 -1 -1 -1 300 100
4280 550 150 -1 -1 -1 -1 425 150
4281 550 150 -1 -1 -1 -1 425 150
4282 650 200 -1 -1 -1 -1 550 200
4283 650 200 -1 -1 -1 -1 550 200
4284 800 300 -1 -1 -1 -1 800 300
4285 800 300 -1 -1 -1 -1 800 300
4289 300 100 -1 -1 -1 -1 300 100
4290 300 100 -1 -1 -1 -1 300 100
4292 300 100 -1 -1 -1 -1 300 100
4293 300 100 -1 -1 -1 -1 300 100
4294 550 150 -1 -1 -1 -1 425 150
4295 550 150 -1 -1 -1 -1 425 150
4296 650 200 -1 -1 -1 -1 550 200
4297 650 200 -1 -1 -1 -1 550 200
4298 800 300 -1 -1 -1 -1 800 300
4299 800 300 -1 -1 -1 -1 800 300
4300 725 250 -1 -1 -1 -1 675 250
4301 725 250 -1 -1 -1 -1 675 250
4302 600 600 -1 -1 -1 -1 600 600
4303 600 600 -1 -1 -1 -1 600 600
4304 999 999 -1 -1 -1 -1 999 999
4305 999 999 -1 -1 -1 -1 999 999
4305 999 -1 -1 -1 -1 -1 999 999
4306 999 -1 -1 -1 -1 -1 999 999
4306 999 -1 -1 -1 -1 -1 999 -1
4307 999 800 -1 -1 -1 -1 999 800
4308 999 800 -1 -1 -1 -1 999 800
4309 999 800 -1 -1 -1 -1 999 800
4310 999 800 -1 -1 -1 -1 999 800
4311 150 150 -1 -1 -1 -1 150 150
4312 150 150 -1 -1 -1 -1 150 150
4313 300 300 -1 -1 -1 -1 300 300
4314 300 300 -1 -1 -1 -1 300 300
4315 650 200 -1 -1 -1 -1 550 200
4316 650 200 -1 -1 -1 -1 550 200
4317 600 600 -1 -1 -1 -1 600 600
4318 600 600 -1 -1 -1 -1 600 600
4319 999 800 -1 -1 -1 -1 999 800
4320 999 800 -1 -1 -1 -1 999 800
4321 150 150 -1 -1 -1 -1 150 150
4322 150 150 -1 -1 -1 -1 150 150
4323 300 300 -1 -1 -1 -1 300 300
4324 300 300 -1 -1 -1 -1 300 300
4325 650 200 -1 -1 -1 -1 550 200
4326 650 200 -1 -1 -1 -1 550 200
4327 600 600 -1 -1 -1 -1 600 600
4328 600 600 -1 -1 -1 -1 600 600
4329 999 800 -1 -1 -1 -1 999 800
4330 999 800 -1 -1 -1 -1 999 800
4331 150 150 -1 -1 -1 -1 150 150
4332 150 150 -1 -1 -1 -1 150 150
4336 150 150 -1 -1 -1 200 150 150
4337 150 150 -1 -1 -1 200 150 150
4338 300 300 -1 -1 -1 175 300 300
4339 300 300 -1 -1 -1 175 300 300
4340 650 200 -1 -1 -1 150 550 200
4341 650 200 -1 -1 -1 150 550 200
4342 600 600 -1 -1 -1 125 600 600
4343 600 600 -1 -1 -1 125 600 600
4344 999 800 -1 -1 -1 100 999 800
4345 999 800 -1 -1 -1 100 999 800
4346 150 150 -1 -1 -1 75 150 150
4347 150 150 -1 -1 -1 75 150 150
4348 300 300 -1 -1 -1 50 300 300
4349 300 300 -1 -1 -1 50 300 300
4350 650 200 -1 -1 -1 25 550 200
4351 650 200 -1 -1 -1 25 550 200
4352 600 600 -1 -1 -1 225 600 600
4353 600 600 -1 -1 -1 225 600 600
4354 999 800 -1 -1 -1 200 999 800
4355 999 800 -1 -1 -1 200 999 800
4356 150 150 -1 -1 -1 175 150 150
4357 150 150 -1 -1 -1 175 150 150
4358 300 300 -1 -1 -1 150 300 300
4359 300 300 -1 -1 -1 150 300 300
4360 650 200 -1 -1 -1 125 550 200
4361 650 200 -1 -1 -1 125 550 200
4362 600 600 -1 -1 -1 100 600 600
4363 600 600 -1 -1 -1 100 600 600
4364 999 800 -1 -1 -1 75 999 800
4365 999 800 -1 -1 -1 75 999 800
4366 150 150 -1 -1 -1 50 150 150
4367 150 150 -1 -1 -1 50 150 150
4368 300 300 -1 -1 -1 25 300 300
4369 300 300 -1 -1 -1 25 300 300
4370 650 200 -1 -1 -1 225 550 200
4371 650 200 -1 -1 -1 225 550 200
4372 600 600 -1 -1 -1 200 600 600
4373 600 600 -1 -1 -1 200 600 600
4374 999 800 -1 -1 -1 175 999 800
4375 999 800 -1 -1 -1 175 999 800
4376 150 150 -1 -1 -1 150 150 150
4377 150 150 -1 -1 -1 150 150 150
4378 300 300 -1 -1 -1 125 300 300
4379 300 300 -1 -1 -1 125 300 300
4380 650 200 -1 -1 -1 100 550 200
4381 650 200 -1 -1 -1 100 550 200
4382 600 600 -1 -1 -1 75 600 600
4383 600 600 -1 -1 -1 75 600 600
4384 999 800 -1 -1 -1 50 999 800
4385 999 800 -1 -1 -1 50 999 800
4385 -1 -1 -1 -1 -1 -1 -1 -1
4433 -1 -1 -1 -1 0 -1 -1 -1
4434 -1 -1 -1 -1 0 -1 -1 -1
4435 -1 -1 -1 -1 0 -1 -1 -1
4437 -1 -1 -1 -1 0 -1 -1 -1
4438 -1 -1 -1 -1 0 -1 -1 -1
4439 -1 -1 -1 -1 0 -1 -1 -1
4440 -1 -1 -1 -1 0 -1 -1 -1
4441 -1 -1 -1 -1 0 -1 -1 -1
4442 -1 -1 -1 -1 150 150 150 150
4443 -1 -1 -1 -1 150 150 150 150
4444 -1 -1 -1 -1 300 300 300 300
4445 -1 -1 -1 -1 300 300 300 300
4446 -1 -1 -1 -1 600 600 600 600
4447 -1 -1 -1 -1 600 600 600 600
4448 -1 -1 -1 -1 999 999 999 999
4449 -1 -1 -1 -1 999 -1 -1 -1
4450 -1 -1 -1 -1 150 150 150 150
4451 -1 -1 -1 -1 150 150 150 150
4452 -1 -1 -1 -1 300 300 300 300
4453 -1 -1 -1 -1 300 300 300 300
4454 -1 -1 -1 -1 600 600 600 600
4455 -1 -1 -1 -1 600 600 600 600
4456 -1 -1 -1 -1 999 999 999 999
4457 -1 -1 -1 -1 999 999 999 -1
4458 -1 -1 -1 -1 150 150 150 150
4459 -1 -1 -1 -1 150 150 150 150
4460 -1 -1 -1 -1 300 300 300 300
4461 -1 -1 -1 -1 300 300 300 300
4462 -1 -1 -1 -1 600 600 600 600
4463 -1 -1 -1 -1 600 600 600 600
4464 -1 -1 -1 -1 999 999 999 999
4465 -1 -1 -1 -1 999 999 999 999
4465 -1 -1 -1 -1 999 999 999 -1
4466 -1 -1 -1 -1 150 150 150 150
4467 -1 -1 -1 -1 150 150 150 150
4468 -1 -1 -1 -1 300 300 300 300
4469 -1 -1 -1 -1 300 300 300 300
4470 -1 -1 -1 -1 600 600 600 600
4471 -1 -1 -1 -1 600 600 600 600
4472 -1 -1 -1 -1 999 999 999 999
4473 -1 -1 -1 -1 999 999 999 999
4473 -1 -1 -1 -1 999 999 999 -1
4474 -1 -1 -1 -1 150 150 150 150
4475 -1 -1 -1 -1 150 150 150 150
4476 -1 -1 -1 -1 300 300 300 300
4477 -1 -1 -1 -1 300 300 300 300
4478 -1 -1 -1 -1 600 600 600 600
4479 -1 -1 -1 -1 600 600 600 600
4480 -1 -1 -1 -1 999 999 999 999
4481 -1 -1 -1 -1 999 999 999 999
4481 -1 -1 -1 -1 999 999 999 -1
4482 -1 -1 -1 -1 150 150 150 150
4483 -1 -1 -1 -1 150 150 150 150
4484 -1 -1 -1 -1 300 300 300 300
4485 -1 -1 -1 -1 300 300 300 300
4486 -1 -1 -1 -1 600 600 600 600
4487 -1 -1 -1 -1 600 600 600 600
4488 -1 -1 -1 -1 999 999 999 999
4489 -1 -1 -1 -1 999 999 999 999
4489 -1 -1 -1 -1 999 999 999 -1
4490 -1 -1 -1 -1 150 150 150 150
4491 -1 -1 -1 -1 150 150 150 150
4492 -1 -1 -1 -1 300 300 300 300
4493 -1 -1 -1 -1 300 300 300 300
4494 -1 -1 -1 -1 600 600 600 600
4495 -1 -1 -1 -1 600 600 600 600
4496 -1 -1 -1 -1 999 999 999 999
4497 -1 -1 -1 -1 999 999 999 -1
4498 -1 -1 -1 -1 150 150 150 150
4500 -1 -1 -1 -1 300 300 300 300
4501 -1 -1 -1 -1 300 300 300 300
4502 -1 -1 -1 -1 600 600 600 600
4504 -1 -1 -1 -1 999 999 999 999
4505 -1 -1 -1 -1 999 999 999 999
4505 -1 -1 -1 -1 999 999 999 -1
4506 -1 -1 -1 -1 150 150 150 150
4508 -1 -1 -1 -1 300 300 300 300
4510 -1 -1 -1 -1 600 600 600 600
4511 -1 -1 -1 -1 600 600 600 600
4512 -1 -1 -1 -1 999 999 999 999
4513 -1 -1 -1 -1 999 999 999 -1
4514 -1 -1 -1 -1 150 150 150 150
4515 -1 -1 -1 -1 150 150 150 150
4516 -1 -1 -1 -1 150 150 150 150
4517 -1 -1 -1 -1 150 150 150 150
4518 -1 -1 -1 -1 300 300 300 300
4519 -1 -1 -1 -1 300 300 300 300
4520 -1 -1 -1 -1 600 600 600 600
4521 -1 -1 -1 -1 600 600 600 600
4522 -1 -1 -1 -1 999 999 999 900
4523 -1 -1 -1 -1 999 999 999 900
4523 -1 -1 -1 -1 999 999 999 -1
4524 -1 -1 -1 -1 150 150 150 150
4525 -1 -1 -1 -1 150 150 150 150
4526 -1 -1 -1 -1 300 300 300 300
4527 -1 -1 -1 -1 300 300 300 300
4528 -1 -1 -1 -1 600 600 600 600
4529 -1 -1 -1 -1 600 600 600 600
4530 -1 -1 -1 -1 999 999 999 900
4531 -1 -1 -1 -1 999 999 999 900
4531 -1 -1 -1 -1 999 999 999 -1
4532 -1 -1 -1 -1 150 150 150 150
4533 -1 -1 -1 -1 150 150 150 150
4534 -1 -1 -1 -1 300 300 300 300
4535 -1 -1 -1 -1 300 300 300 300
4536 -1 -1 -1 -1 600 600 600 600
4537 -1 -1 -1 -1 600 600 600 600
4538 -1 -1 -1 -1 999 999 999 900
4539 -1 -1 -1 -1 999 999 999 900
4539 -1 -1 -1 -1 999 999 999 -1
4540 -1 -1 -1 -1 150 150 150 150
4541 -1 -1 -1 -1 150 150 150 150
4542 -1 -1 -1 -1 300 300 300 300
4543 -1 -1 -1 -1 300 300 300 300
4544 -1 -1 -1 -1 600 600 600 600
4545 -1 -1 -1 -1 600 600 600 600
4546 -1 -1 -1 -1 999 999 999 900
4547 -1 -1 -1 -1 999 999 999 900
4547 -1 -1 -1 -1 999 999 999 -1
4548 -1 -1 -1 -1 150 150 150 150
4549 -1 -1 -1 -1 150 150 150 150
4550 -1 -1 -1 -1 300 300 300 300
4551 -1 -1 -1 -1 300 300 300 300
4552 -1 -1 -1 -1 600 600 600 600
4553 -1 -1 -1 -1 600 600 600 600
4554 -1 -1 -1 -1 999 999 999 900
4555 -1 -1 -1 -1 999 999 999 900
4555 -1 -1 -1 -1 999 999 999 -1
4556 -1 -1 -1 -1 150 150 150 150
4557 -1 -1 -1 -1 150 150 150 150
4558 -1 -1 -1 -1 300 300 300 300
4559 -1 -1 -1 -1 300 300 300 300
4560 -1 -1 -1 -1 600 600 600 600
4561 -1 -1 -1 -1 600 600 600 600
4562 -1 -1 -1 -1 999 999 999 900
4563 -1 -1 -1 -1 999 999 999 900
4563 -1 -1 -1 -1 999 999 999 -1
4564 -1 -1 -1 -1 150 150 150 150
4565 -1 -1 -1 -1 150 150 150 150
4566 -1 -1 -1 -1 300 300 300 300
4567 -1 -1 -1 -1 300 300 300 300
4568 -1 -1 -1 -1 600 600 600 600
4569 -1 -1 -1 -1 600 600 600 600
4570 -1 -1 -1 -1 999 999 999 900
4571 -1 -1 -1 -1 999 999 999 900
4571 -1 -1 -1 -1 999 999 999 -1
4572 -1 -1 -1 -1 150 150 150 150
4573 -1 -1 -1 -1 150 150 150 150
4574 -1 -1 -1 -1 300 300 300 300
4575 -1 -1 -1 -1 300 300 300 300
4576 -1 -1 -1 -1 600 600 600 600
4577 -1 -1 -1 -1 600 600 600 600
4585 -1 -1 -1 -1 -1 -1 -1 -1
4586 -1 -1 -1 -1 -1 -1 -1 -1
4587 -1 -1 -1 -1 -1 -1 -1 -1
4588 -1 -1 -1 -1 -1 -1 -1 -1
4589 -1 -1 -1 -1 50 50 50 50
4590 -1 -1 -1 -1 50 50 50 50
4591 -1 -1 -1 -1 50 50 50 50
4592 -1 -1 -1 -1 150 150 150 150
4593 -1 -1 -1 -1 150 150 150 150
4594 -1 -1 -1 -1 300 300 300 300
4595 -1 -1 -1 -1 300 300 300 300
4596 -1 -1 -1 -1 600 600 600 600
4597 -1 -1 -1 -1 600 600 600 600
4598 -1 -1 -1 -1 999 999 999 900
4599 -1 -1 -1 -1 999 999 999 -1
4599 -1 -1 -1 -1 999 -1 999 -1
4600 -1 -1 -1 -1 150 150 150 150
4601 -1 -1 -1 -1 150 150 150 150
4602 -1 -1 -1 -1 300 300 300 300
4603 -1 -1 -1 -1 300 300 300 300
4604 -1 -1 -1 -1 600 600 600 600
4605 -1 -1 -1 -1 600 600 600 600
4606 -1 -1 -1 -1 999 999 999 900
4607 -1 -1 -1 -1 999 999 999 900
4607 -1 -1 -1 -1 999 999 999 -1
4608 -1 -1 -1 -1 150 150 150 150
4609 -1 -1 -1 -1 150 150 150 150
4610 -1 -1 -1 -1 300 300 300 300
4611 -1 -1 -1 -1 300 300 300 300
4612 -1 -1 -1 -1 600 600 600 600
4613 -1 -1 -1 -1 600 600 600 600
4614 -1 -1 -1 -1 999 999 999 900
4616 -1 -1 -1 -1 150 150 150 150
4617 -1 -1 -1 -1 150 150 150 150
4618 -1 -1 -1 -1 300 300 300 300
4619 -1 -1 -1 -1 300 300 300 300
4620 -1 -1 -1 -1 600 600 600 600
4621 -1 -1 -1 -1 600 600 600 600
4622 -1 -1 -1 -1 999 999 999 900
4623 -1 -1 -1 -1 999 999 999 900
4623 -1 -1 -1 -1 999 999 999 -1
4624 -1 -1 -1 -1 150 150 150 150
4625 -1 -1 -1 -1 150 150 150 150
4626 -1 -1 -1 -1 150 150 150 150
4627 -1 -1 -1 -1 150 150 150 150
4628 -1 -1 -1 -1 300 300 300 300
4629 -1 -1 -1 -1 300 300 300 300
4630 -1 -1 -1 -1 600 600 600 600
4631 -1 -1 -1 -1 600 600 600 600
4632 -1 -1 -1 -1 999 999 999 800
4633 -1 -1 -1 -1 999 999 999 800
4634 -1 -1 -1 -1 150 150 150 150
4635 -1 -1 -1 -1 150 150 150 150
4636 -1 -1 -1 -1 300 300 300 300
4637 -1 -1 -1 -1 300 300 300 300
4638 -1 -1 -1 -1 600 600 600 600
4639 -1 -1 -1 -1 600 600 600 600
4640 -1 -1 -1 -1 999 999 999 800
4641 -1 -1 -1 -1 999 999 999 800
4642 -1 -1 -1 -1 150 150 150 150
4643 -1 -1 -1 -1 150 150 150 150
4644 -1 -1 -1 -1 999 999 999 800
4645 -1 -1 -1 -1 999 999 999 800
4646 -1 -1 -1 -1 999 999 999 800
4647 -1 -1 -1 -1 150 150 150 150
4648 -1 -1 -1 -1 150 150 150 150
4649 -1 -1 -1 -1 300 300 300 300
4650 -1 -1 -1 -1 300 300 300 300
4651 -1 -1 -1 -1 600 600 600 600
4652 -1 -1 -1 -1 600 600 600 600
4653 -1 -1 -1 -1 999 999 999 800
4655 -1 -1 -1 -1 150 150 150 150
4656 -1 -1 -1 -1 150 150 150 150
4657 -1 -1 -1 -1 300 300 300 300
4658 -1 -1 -1 -1 300 300 300 300
4659 -1 -1 -1 -1 600 600 600 600
4660 -1 -1 -1 -1 600 600 600 600
4661 -1 -1 -1 -1 999 999 999 800
4662 -1 -1 -1 -1 999 999 999 800
4663 -1 -1 -1 -1 150 150 150 150
4664 -1 -1 -1 -1 150 150 150 150
4665 -1 -1 -1 -1 300 300 300 300
4666 -1 -1 -1 -1 300 300 300 300
4667 -1 -1 -1 -1 600 600 600 600
4668 -1 -1 -1 -1 600 600 600 600
4669 -1 -1 -1 -1 999 999 999 800
4670 -1 -1 -1 -1 999 999 999 800
4671 -1 -1 -1 -1 150 150 150 150
4672 -1 -1 -1 -1 150 150 150 150
4673 -1 -1 -1 -1 300 300 300 300
4674 -1 -1 -1 -1 300 300 300 300
4675 -1 -1 -1 -1 600 600 600 600
4676 -1 -1 -1 -1 600 600 600 600
4677 -1 -1 -1 -1 999 999 999 800
4678 -1 -1 -1 -1 999 999 999 800
4678 -1 -1 -1 -1 -1 -1 -1 -1
4679 -1 -1 9 -1 9 9 -1 9
4680 -1 -1 9 -1 9 9 -1 9
4682 -1 -1 29 -1 9 29 -1 9
4686 -1 -1 100 -1 0 100 -1 0
4688 -1 -1 100 -1 100 100 -1 100
4688 -1 -1 100 -1 150 125 -1 150
4690 -1 -1 100 -1 600 200 -1 200
4691 -1 -1 100 -1 600 200 -1 200
4691 -1 -1 100 -1 700 200 -1 200
4692 -1 -1 100 -1 700 200 -1 200
4694 -1 -1 90 -1 600 150 -1 -1
4694 -1 -1 100 -1 700 200 -1 240
4695 -1 -1 100 -1 700 200 -1 240
4696 -1 -1 80 -1 999 125 -1 -1
4698 -1 -1 200 -1 -1 200 -1 240
4699 -1 -1 200 -1 -1 200 -1 240
4700 -1 -1 200 -1 -1 200 -1 240
4701 -1 -1 100 -1 150 200 -1 0
4702 -1 -1 100 -1 150 200 -1 0
4703 -1 -1 100 -1 150 200 -1 0
4704 -1 -1 100 -1 150 200 -1 0
4705 -1 -1 100 -1 300 175 -1 0
4706 -1 -1 100 -1 300 175 -1 0
4707 -1 -1 90 -1 600 150 -1 0
4708 -1 -1 90 -1 600 150 -1 0
4709 -1 -1 80 -1 800 125 -1 0
4710 -1 -1 80 -1 800 125 -1 0
4711 -1 -1 70 -1 150 100 -1 0
4712 -1 -1 70 -1 150 100 -1 0
4713 -1 -1 60 -1 300 75 -1 0
4714 -1 -1 60 -1 300 75 -1 0
4715 -1 -1 50 -1 600 50 -1 0
4716 -1 -1 50 -1 600 50 -1 0
4723 -1 -1 30 -1 150 225 -1 0
4724 -1 -1 100 -1 150 200 -1 0
4725 -1 -1 100 -1 150 200 -1 0
4726 -1 -1 100 -1 300 175 -1 0
4727 -1 -1 100 -1 300 175 -1 0
4728 -1 -1 90 -1 600 150 -1 0
4729 -1 -1 90 -1 600 150 -1 0
4730 -1 -1 80 -1 800 125 -1 0
4731 -1 -1 80 -1 800 125 -1 0
4732 -1 -1 70 -1 150 100 -1 0
4733 -1 -1 70 -1 150 100 -1 0
4734 -1 -1 60 -1 300 75 -1 0
4735 -1 -1 60 -1 300 75 -1 0
4736 -1 -1 50 -1 600 50 -1 0
4737 -1 -1 50 -1 600 50 -1 0
4738 -1 -1 40 -1 800 25 -1 0
4739 -1 -1 40 -1 800 25 -1 0
4740 -1 -1 30 -1 150 225 -1 0
4741 -1 -1 30 -1 150 225 -1 0
4742 -1 -1 20 -1 300 200 -1 0
4743 -1 -1 20 -1 300 200 -1 0
4744 -1 -1 10 -1 600 175 -1 0
4745 -1 -1 10 -1 600 175 -1 0
4746 -1 -1 100 -1 800 150 -1 0
4747 -1 -1 100 -1 800 150 -1 0
4748 -1 -1 90 -1 150 125 -1 0
4749 -1 -1 90 -1 150 125 -1 0
4750 -1 -1 80 -1 300 100 -1 0
4751 -1 -1 80 -1 300 100 -1 0
4752 -1 -1 70 -1 600 75 -1 0
4753 -1 -1 70 -1 600 75 -1 0
4754 -1 -1 60 -1 800 50 -1 0
4755 -1 -1 60 -1 800 50 -1 0
4756 -1 -1 50 -1 150 25 -1 0
4757 -1 -1 50 -1 150 25 -1 0
4758 -1 -1 125 -1 125 125 -1 125
4759 -1 -1 125 -1 125 125 -1 125
4760 -1 -1 125 -1 125 125 -1 125
4761 -1 -1 125 -1 125 125 -1 125
4766 -1 -1 5 -1 5 5 -1 5
4767 -1 -1 5 -1 5 5 -1 5
4768 -1 -1 5 -1 5 5 -1 5
4769 -1 -1 5 -1 5 5 -1 5
4770 -1 -1 5 -1 5 5 -1 5
4771 -1 -1 5 -1 5 5 -1 5
4772 -1 -1 -1 200 -1 5 400 -1
4773 -1 -1 10 10 5 10 400 -1
4774 -1 -1 10 10 5 10 400 -1
4775 -1 -1 10 10 5 10 400 -1
4775 -1 -1 100 100 20 50 400 -1
4776 -1 -1 100 100 20 50 400 -1
4777 -1 -1 100 100 20 50 400 -1
4778 -1 -1 100 100 20 50 400 -1
4779 -1 -1 100 100 20 50 400 -1
4780 -1 -1 100 100 20 50 400 -1
4781 -1 -1 10 100 100 -1 100 -1
4782 -1 -1 10 100 100 -1 100 -1
4783 -1 -1 10 100 100 -1 100 -1
4783 -1 -1 10 600 600 -1 600 -1
4784 -1 -1 100 150 150 -1 150 -1
4785 -1 -1 100 150 150 -1 150 -1
4786 -1 -1 80 300 300 -1 300 -1
4787 -1 -1 80 300 300 -1 300 -1
4788 -1 -1 60 600 600 -1 450 -1
4789 -1 -1 60 600 600 -1 450 -1
4790 -1 -1 40 999 800 -1 50 -1
4791 -1 -1 40 999 800 -1 50 -1
4791 -1 -1 40 999 -1 -1 50 -1
4792 -1 -1 20 150 150 -1 150 -1
4793 -1 -1 20 150 150 -1 150 -1
4794 -1 -1 100 300 300 -1 300 -1
4795 -1 -1 100 300 300 -1 300 -1
4796 -1 -1 80 600 600 -1 450 -1
4797 -1 -1 80 600 600 -1 450 -1
4798 -1 -1 60 999 800 -1 50 -1
4799 -1 -1 60 999 -1 -1 50 -1
4800 -1 -1 100 300 150 -1 150 -1
4801 -1 -1 100 300 150 -1 150 -1
4803 -1 -1 80 300 300 -1 300 -1
4805 -1 -1 100 300 150 -1 150 -1
4806 -1 -1 100 300 150 -1 150 -1
4807 -1 -1 80 300 300 -1 300 -1
4808 -1 -1 80 300 300 -1 300 -1
4809 -1 -1 60 600 600 -1 450 -1
4810 -1 -1 60 600 600 -1 450 -1
4811 -1 -1 40 600 600 -1 50 -1
4812 -1 -1 40 600 600 -1 50 -1
4813 -1 -1 20 300 150 -1 150 -1
4814 -1 -1 20 300 150 -1 150 -1
4815 -1 -1 100 300 300 -1 300 -1
4816 -1 -1 100 300 300 -1 300 -1
4817 -1 -1 80 600 600 -1 450 -1
4818 -1 -1 80 600 600 -1 450 -1
4819 -1 -1 60 600 600 -1 50 -1
4820 -1 -1 60 600 600 -1 50 -1
4821 -1 -1 40 300 150 -1 150 -1
4822 -1 -1 40 300 150 -1 150 -1
4823 -1 -1 20 300 300 -1 300 -1
4824 -1 -1 20 300 300 -1 300 -1
4825 -1 -1 100 600 600 -1 450 -1
4826 -1 -1 100 600 600 -1 450 -1
4827 -1 -1 80 600 600 -1 50 -1
4828 -1 -1 80 600 600 -1 50 -1
4829 -1 -1 60 300 150 -1 150 -1
4830 -1 -1 60 300 150 -1 150 -1
4831 -1 -1 40 300 300 -1 300 -1
4832 -1 -1 40 300 300 -1 300 -1
4833 -1 -1 20 600 600 -1 450 -1
4834 -1 -1 20 600 600 -1 450 -1
4835 -1 -1 100 600 600 -1 50 -1
4836 -1 -1 100 600 600 -1 50 -1
4837 -1 -1 80 300 150 -1 150 -1
4838 -1 -1 80 300 150 -1 150 -1
4839 -1 -1 60 300 300 -1 300 -1
4840 -1 -1 60 300 300 -1 300 -1
4841 -1 -1 40 600 600 -1 450 -1
4842 -1 -1 40 600 600 -1 450 -1
4843 -1 -1 20 600 600 -1 50 -1
4844 -1 -1 20 600 600 -1 50 -1
4845 -1 -1 100 300 150 -1 150 -1
4846 -1 -1 100 300 150 -1 150 -1
4847 -1 -1 80 300 300 -1 300 -1
4848 -1 -1 80 300 300 -1 300 -1
4849 -1 -1 60 600 600 -1 450 -1
4850 -1 -1 60 600 600 -1 450 -1
4851 -1 -1 40 600 600 -1 50 -1
4852 -1 -1 40 600 600 -1 50 -1
4853 -1 -1 20 300 150 -1 150 -1
4854 -1 -1 20 300 150 -1 150 -1
4855 -1 -1 100 300 300 -1 300 -1
4856 -1 -1 100 300 300 -1 300 -1
4857 -1 -1 80 600 600 -1 450 -1
4858 -1 -1 80 600 600 -1 450 -1
4859 -1 -1 60 600 600 -1 50 -1
4860 -1 -1 60 600 600 -1 50 -1
4861 -1 -1 40 300 150 -1 150 -1
4862 -1 -1 40 300 150 -1 150 -1
4863 -1 -1 20 300 300 -1 300 -1
4864 -1 -1 20 300 300 -1 300 -1
4865 -1 -1 100 600 600 -1 450 -1
4866 -1 -1 100 600 600 -1 450 -1
