Run: 3976  
Run: 3976  
Run: 3980  
ch 5 92 88
ch 7 88 88
Run: 3980  
ch 5 90 88
ch 7 88 88
Run: 3981  
ch 5 90 88
ch 7 88 88
Run: 3981  
ch 5 92 88
ch 7 88 88
Run: 3982  
ch 5 92 88
ch 7 88 88
Run: 3982  
ch 5 92 88
ch 7 88 88
Run: 3983  
ch 4 32 30
ch 5 252 250
ch 7 86 88
Run: 3983  
ch 4 32 30
ch 5 252 250
ch 7 86 88
Run: 3984  
ch 4 32 30
ch 5 252 250
ch 7 86 88
Run: 3984  
ch 4 32 30
ch 5 252 250
ch 7 86 88
Run: 3985  
ch 4 32 30
ch 5 252 250
ch 7 86 88
Run: 3985  
ch 4 32 30
ch 5 252 250
ch 7 86 88
Run: 3986  
ch 4 32 30
ch 5 252 250
ch 7 86 88
Run: 3986  
ch 4 32 30
ch 5 252 250
ch 7 86 88
Run: 3987  
ch 4 32 30
ch 5 252 250
ch 7 86 88
Run: 3987  
ch 4 32 30
ch 5 252 250
ch 7 86 88
Run: 3988  
ch 4 34 30
ch 5 252 250
ch 7 86 88
Run: 3988  
ch 4 34 30
ch 5 254 250
ch 7 86 88
Run: 3989  
ch 4 34 30
ch 5 252 250
ch 7 86 88
Run: 3989  
ch 4 32 30
ch 5 254 250
ch 7 86 88
Run: 3990  
ch 4 34 30
ch 5 252 250
ch 7 86 88
Run: 3991  
ch 4 34 30
ch 5 252 250
ch 7 86 88
Run: 3992  
ch 4 34 30
ch 5 252 250
ch 7 86 88
Run: 3993  
ch 4 34 30
ch 5 254 250
ch 7 86 88
Run: 3993  
ch 4 34 30
ch 5 252 250
ch 7 88 88
Run: 3994  
ch 4 34 30
ch 5 252 250
ch 7 88 88
Run: 3994  
ch 4 34 30
ch 5 252 250
ch 7 88 88
Run: 3995  
ch 4 34 30
ch 5 252 250
ch 7 88 88
Run: 3996  
ch 4 34 30
ch 5 252 250
ch 7 86 88
Run: 3996  
ch 4 34 30
ch 5 254 250
ch 7 88 88
Run: 3997  
ch 4 34 30
ch 5 252 250
ch 7 88 88
Run: 3997  
ch 4 34 30
ch 5 254 250
ch 7 88 88
Run: 3998  
ch 4 34 30
ch 5 254 250
ch 7 88 88
Run: 3998  
ch 4 34 30
ch 5 252 250
ch 7 88 88
Run: 3999  
ch 4 34 30
ch 5 254 250
ch 7 86 88
Run: 4000  
ch 4 74 70
ch 5 350 350
ch 7 86 88
Run: 4000  
ch 4 74 70
ch 5 352 350
ch 7 86 88
Run: 4001  
ch 4 72 70
ch 5 350 350
ch 7 86 88
Run: 4002  
ch 4 74 70
ch 5 330 330
ch 7 86 88
Run: 4003  
ch 4 72 70
ch 5 330 330
ch 7 86 88
Run: 4003  
ch 4 74 70
ch 5 330 330
ch 7 86 88
Run: 4004  
ch 4 72 70
ch 5 330 330
ch 7 86 88
Run: 4005  
ch 4 72 70
ch 5 330 330
ch 7 84 88
Run: 4005  
ch 4 74 70
ch 5 330 330
ch 7 86 88
Run: 4006  
ch 4 74 70
ch 5 330 330
ch 7 84 88
Run: 4007  
ch 4 72 70
ch 5 330 330
ch 7 84 88
Run: 4007  
ch 4 74 70
ch 5 330 330
ch 7 84 88
Run: 4008  
ch 4 72 70
ch 5 330 330
ch 7 84 88
Run: 4009  
ch 4 72 70
ch 5 330 330
ch 7 84 88
Run: 4009  
ch 4 74 70
ch 5 330 330
ch 7 84 88
Run: 4010  
ch 4 72 70
ch 5 330 330
ch 7 84 88
Run: 4010  
ch 4 72 70
ch 5 330 330
ch 7 84 88
Run: 4011  
ch 4 74 70
ch 5 330 330
ch 7 84 88
Run: 4011  
ch 4 72 70
ch 5 330 330
ch 7 84 88
Run: 4012  
ch 4 72 70
ch 5 330 330
ch 7 84 88
Run: 4013  
Run: 4013  
Run: 4014  
Run: 4015  
Run: -1  
Run: 4016  
Run: 4017  
Run: 4017  
Run: 4018  
ch 4 104 100
ch 5 100 100
Run: 4018  
ch 4 104 100
ch 5 100 100
Run: 4019  
ch 4 84 80
ch 5 180 180
Run: 4019  
ch 4 84 80
ch 5 180 180
Run: 4021  
ch 4 84 80
ch 5 180 180
ch 14 152 150
Run: 4021  
ch 4 86 80
ch 5 180 180
ch 14 152 150
Run: 4022  
ch 4 58 55
ch 5 156 156
ch 14 172 170
Run: 4022  
ch 4 58 55
ch 5 156 156
ch 14 172 170
Run: 4026  
ch 4 60 54
ch 5 158 158
ch 14 178 176
Run: 4026  
ch 4 60 54
ch 5 158 158
ch 14 178 176
Run: 4027  
ch 4 60 54
ch 5 158 158
ch 14 178 176
Run: 4027  
ch 4 60 54
ch 5 158 158
ch 14 178 176
Run: 4028  
ch 4 14 11
ch 5 222 221
ch 14 10 6
Run: 4028  
ch 4 16 11
ch 5 220 221
ch 14 10 6
Run: 4029  
ch 4 14 11
ch 5 220 221
ch 14 10 6
Run: 4029  
ch 4 16 11
ch 5 220 221
ch 14 10 6
Run: 4030  
ch 4 38 33
ch 5 302 300
ch 14 100 99
Run: 4030  
ch 4 38 33
ch 5 300 300
ch 14 100 99
Run: 4031  
ch 4 38 33
ch 5 302 300
ch 14 100 99
Run: 4031  
ch 4 38 33
ch 5 302 300
ch 14 100 99
Run: 4032  
ch 4 74 69
ch 5 36 37
ch 14 188 187
Run: 4032  
ch 4 74 69
ch 5 36 37
ch 14 188 187
Run: 4033  
ch 4 74 69
ch 5 36 37
ch 14 188 187
Run: 4033  
ch 4 74 69
ch 5 36 37
ch 14 188 187
Run: 4034  
ch 4 34 28
ch 5 100 98
ch 14 242 241
Run: 4034  
ch 4 34 28
ch 5 100 98
ch 14 242 241
Run: 4035  
ch 4 36 28
ch 5 100 98
ch 14 242 241
Run: 4035  
ch 4 36 28
ch 5 100 98
ch 14 242 241
Run: 4036  
ch 4 50 43
ch 5 150 148
ch 14 84 83
Run: 4036  
ch 4 50 43
ch 5 150 148
ch 14 84 83
Run: 4037  
ch 4 50 43
ch 5 150 148
ch 14 84 83
Run: 4037  
ch 4 52 43
ch 5 150 148
ch 14 84 83
Run: 4038  
ch 4 98 89
ch 5 238 237
ch 14 180 178
Run: 4038  
ch 4 96 89
ch 5 238 237
ch 14 180 178
Run: 4039  
ch 4 98 89
ch 5 238 237
ch 14 180 178
Run: 4039  
ch 4 98 89
ch 5 238 237
ch 14 180 178
Run: 4040  
ch 4 14 7
ch 5 288 287
ch 14 10 8
Run: 4040  
ch 4 14 7
ch 5 288 287
ch 14 10 8
Run: 4041  
ch 4 16 7
ch 5 288 287
ch 14 10 8
Run: 4041  
ch 4 16 7
ch 5 288 287
ch 14 10 8
Run: 4042  
ch 4 36 27
ch 5 10 8
ch 14 70 69
Run: 4042  
ch 4 36 27
ch 5 10 8
ch 14 70 69
Run: 4043  
ch 4 36 27
ch 5 10 8
ch 14 70 69
Run: 4043  
ch 4 38 27
ch 5 10 8
ch 14 70 69
Run: 4044  
ch 4 58 47
ch 5 76 75
ch 14 160 160
Run: 4044  
ch 4 58 47
ch 5 76 75
ch 14 162 160
Run: 4045  
ch 4 58 47
ch 5 76 75
ch 14 162 160
Run: 4045  
ch 4 58 47
ch 5 76 75
ch 14 162 160
Run: 4046  
ch 4 92 80
ch 5 128 126
ch 14 212 211
Run: 4046  
ch 4 92 80
ch 5 128 126
ch 14 212 211
Run: 4047  
ch 4 92 80
ch 5 128 126
ch 14 212 211
Run: 4047  
ch 4 92 80
ch 5 128 126
ch 14 212 211
Run: 4048  
ch 4 104 92
ch 5 208 207
ch 14 20 18
Run: 4048  
ch 4 104 92
ch 5 208 207
ch 14 20 18
Run: 4049  
ch 4 104 92
ch 5 208 207
ch 14 20 18
Run: 4049  
ch 4 104 92
ch 5 208 207
ch 14 20 18
Run: 4050  
ch 4 44 33
ch 5 298 296
ch 14 90 89
Run: 4050  
ch 4 44 33
ch 5 298 296
ch 14 90 89
Run: 4051  
ch 4 44 33
ch 5 298 296
ch 14 90 89
Run: 4051  
ch 4 44 33
ch 5 298 296
ch 14 90 89
Run: 4052  
ch 4 76 65
ch 5 36 34
ch 14 168 166
Run: 4052  
ch 4 76 65
ch 5 36 34
ch 14 168 166
Run: 4053  
ch 4 76 65
ch 5 36 34
ch 14 166 166
Run: 4053  
ch 4 76 65
ch 5 34 34
ch 14 168 166
Run: 4054  
ch 4 96 85
ch 5 96 96
ch 14 10 2
Run: 4054  
ch 4 98 85
ch 5 98 96
ch 14 10 2
Run: 4055  
ch 4 98 85
ch 5 96 96
ch 14 10 2
Run: 4055  
ch 4 98 85
ch 5 96 96
ch 14 10 2
Run: 4056  
ch 4 36 22
ch 5 148 148
ch 14 64 63
Run: 4056  
ch 4 36 22
ch 5 148 148
ch 14 64 63
Run: 4057  
ch 4 36 22
ch 5 148 148
ch 14 64 63
Run: 4057  
ch 4 36 22
ch 5 148 148
ch 14 64 63
Run: 4058  
ch 4 94 80
ch 5 200 199
ch 14 122 121
Run: 4058  
ch 4 96 80
ch 5 198 199
ch 14 122 121
Run: 4059  
ch 4 94 80
ch 5 198 199
ch 14 122 121
Run: 4059  
ch 4 96 80
ch 5 198 199
ch 14 122 121
Run: 4060  
ch 4 116 100
ch 5 350 350
ch 14 202 200
Run: 4060  
ch 4 116 100
ch 5 350 350
ch 14 202 200
Run: 4061  
ch 4 116 100
ch 5 350 350
ch 14 202 200
Run: 4061  
ch 4 116 100
ch 5 350 350
ch 14 202 200
Run: 4062  
ch 4 72 57
ch 5 62 65
ch 14 26 24
Run: 4062  
ch 4 72 57
ch 5 62 65
ch 14 26 24
Run: 4063  
ch 4 70 57
ch 5 62 65
ch 14 26 24
Run: 4063  
ch 4 72 57
ch 5 62 65
ch 14 26 24
Run: 4064  
ch 4 22 7
ch 5 128 131
ch 14 86 84
Run: 4064  
ch 4 22 7
ch 5 130 131
ch 14 86 84
Run: 4065  
ch 4 22 7
ch 5 128 131
ch 14 86 84
Run: 4065  
ch 4 24 7
ch 5 128 131
ch 14 86 84
Run: 4066  
ch 4 78 60
ch 5 192 193
ch 14 140 138
Run: 4066  
ch 4 78 60
ch 5 192 193
ch 14 140 138
Run: 4067  
ch 4 76 60
ch 5 192 193
ch 14 140 138
Run: 4067  
ch 4 78 60
ch 5 190 193
ch 14 140 138
Run: 4068  
ch 4 114 97
ch 5 290 291
ch 14 226 227
Run: 4068  
ch 4 114 97
ch 5 290 291
ch 14 228 227
Run: 4069  
ch 4 114 97
ch 5 290 291
ch 14 228 227
Run: 4069  
ch 4 114 97
ch 5 288 291
ch 14 228 227
Run: 4070  
ch 4 110 90
ch 5 350 350
ch 14 252 250
Run: 4070  
ch 4 108 90
ch 5 350 350
ch 14 252 250
Run: 4071  
ch 4 108 90
ch 5 350 350
ch 14 252 250
Run: 4071  
ch 4 110 90
ch 5 350 350
ch 14 252 250
Run: 4072  
ch 4 88 70
ch 5 300 300
ch 14 152 150
Run: 4072  
ch 4 88 70
ch 5 300 300
ch 14 152 150
Run: 4073  
ch 4 88 70
ch 5 300 300
ch 14 152 150
Run: 4073  
ch 4 88 70
ch 5 300 300
ch 14 152 150
Run: 4074  
ch 4 88 70
ch 5 300 300
ch 14 152 150
Run: 4074  
ch 4 88 70
ch 5 300 300
ch 14 152 150
Run: 4075  
ch 4 88 70
ch 5 300 300
ch 14 152 150
Run: 4076  
ch 4 88 70
ch 5 300 300
ch 14 152 150
Run: 4076  
ch 4 90 70
ch 5 300 300
ch 14 152 150
Run: 4077  
ch 4 88 70
ch 5 300 300
ch 14 152 150
Run: 4078  
ch 4 90 70
ch 5 300 300
ch 14 152 150
Run: 4078  
ch 4 90 70
ch 5 300 300
ch 14 150 150
Run: 4079  
ch 4 88 70
ch 5 298 300
ch 14 152 150
Run: 4079  
ch 4 88 70
ch 5 300 300
ch 14 152 150
Run: 4080  
ch 4 88 70
ch 5 300 300
ch 14 150 150
Run: 4080  
ch 4 88 70
ch 5 300 300
ch 14 152 150
Run: 4081  
ch 4 88 70
ch 5 300 300
ch 14 152 150
Run: 4081  
ch 4 88 70
ch 5 298 300
ch 14 152 150
Run: 4082  
ch 4 88 70
ch 5 300 300
ch 14 152 150
Run: 4082  
ch 4 90 70
ch 5 300 300
ch 14 150 150
Run: 4083  
ch 4 88 70
ch 5 300 300
ch 14 150 150
Run: 4083  
ch 4 88 70
ch 5 300 300
ch 14 150 150
Run: 4084  
ch 4 88 70
ch 5 300 300
ch 14 152 150
Run: 4084  
ch 4 90 70
ch 5 300 300
ch 14 150 150
Run: 4086  
ch 4 88 70
ch 5 300 300
ch 14 152 150
Run: -1  
ch 4 90 70
ch 5 300 300
ch 14 152 150
Run: 4087  
ch 4 88 70
ch 5 300 300
ch 14 152 150
Run: 4088  
ch 5 300 300
ch 14 152 150
Run: 4088  
ch 5 300 300
ch 14 152 150
Run: 4089  
ch 5 302 300
ch 14 152 150
Run: 4089  
ch 5 302 300
ch 14 150 150
Run: 4090  
ch 5 300 300
ch 14 152 150
Run: -1  
ch 5 302 300
ch 14 152 150
Run: 4091  
ch 4 88 70
ch 5 300 300
ch 14 252 250
Run: 4091  
ch 4 84 70
ch 5 300 300
ch 14 252 250
Run: 4092  
ch 4 70 50
ch 5 300 300
ch 14 252 250
Run: 4092  
ch 4 70 50
ch 5 300 300
ch 14 252 250
Run: 4093  
ch 4 70 50
ch 5 300 300
ch 14 252 250
Run: 4093  
ch 4 70 50
ch 5 298 300
ch 14 252 250
Run: 4094  
ch 4 70 50
ch 5 298 300
ch 14 202 200
Run: 4094  
ch 4 72 50
ch 5 298 300
ch 14 200 200
Run: 4095  
ch 4 70 50
ch 5 300 300
ch 14 202 200
Run: 4095  
ch 4 70 50
ch 5 300 300
ch 14 202 200
Run: 4096  
ch 4 68 50
ch 5 300 300
ch 14 152 150
Run: 4096  
ch 4 72 50
ch 5 300 300
ch 14 152 150
Run: 4097  
ch 4 70 50
ch 5 300 300
ch 14 152 150
Run: 4097  
ch 4 72 50
ch 5 300 300
ch 14 152 150
Run: 4098  
ch 4 70 50
ch 5 298 300
ch 14 102 100
Run: 4098  
ch 4 72 50
ch 5 300 300
ch 14 102 100
Run: 4099  
ch 4 70 50
ch 5 300 300
ch 14 102 100
Run: 4099  
ch 4 70 50
ch 5 298 300
ch 14 102 100
Run: 4100  
ch 4 72 50
ch 5 300 300
ch 14 52 50
Run: 4100  
ch 4 72 50
ch 5 300 300
ch 14 52 50
Run: 4101  
ch 4 72 50
ch 5 300 300
ch 14 52 50
Run: 4101  
ch 4 72 50
ch 5 300 300
ch 14 52 50
Run: 4102  
ch 4 72 50
ch 5 300 300
ch 14 26 25
Run: 4103  
ch 4 72 50
ch 5 300 300
ch 14 26 25
Run: 4103  
ch 4 74 50
ch 5 300 300
ch 14 26 25
Run: 4104  
ch 4 72 50
ch 5 300 300
ch 14 26 25
Run: 4104  
ch 4 72 50
ch 5 300 300
ch 14 26 25
Run: 4105  
ch 4 74 50
ch 5 300 300
ch 14 252 250
Run: -1  
ch 4 74 50
ch 5 300 300
ch 14 252 250
Run: 4106  
ch 4 74 50
ch 5 300 300
ch 14 252 250
Run: 4106  
ch 4 74 50
ch 5 300 300
ch 14 252 250
Run: 4112  
ch 5 304 300
ch 13 26 25
Run: 4112  
ch 5 304 300
ch 13 26 25
Run: 4113  
ch 5 304 300
ch 13 26 25
Run: 4113  
ch 5 304 300
ch 13 26 25
Run: 4114  
ch 4 48 50
ch 5 52 50
ch 13 26 25
ch 14 52 50
ch 15 52 50
Run: 4114  
ch 4 48 50
ch 5 52 50
ch 13 26 25
ch 14 52 50
ch 15 52 50
Run: 4115  
ch 4 48 50
ch 5 52 50
ch 13 26 25
ch 14 52 50
ch 15 52 50
Run: 4115  
ch 4 48 50
ch 5 52 50
ch 13 26 25
ch 14 54 50
ch 15 52 50
Run: 4116  
ch 4 48 50
ch 5 52 50
ch 13 26 25
ch 14 52 50
ch 15 52 50
Run: 4116  
ch 4 48 50
ch 5 52 50
ch 13 26 25
ch 14 52 50
ch 15 52 50
Run: 4117  
ch 4 48 50
ch 5 52 50
ch 13 26 25
ch 14 52 50
ch 15 52 50
Run: 4117  
ch 4 48 50
ch 5 52 50
ch 13 26 25
ch 14 52 50
ch 15 52 50
Run: 4118  
ch 4 48 50
ch 5 52 50
ch 13 26 25
ch 14 52 50
ch 15 52 50
Run: 4118  
ch 4 48 50
ch 5 52 50
ch 13 24 25
ch 14 54 50
ch 15 52 50
Run: 4119  
ch 4 48 50
ch 5 52 50
ch 13 26 25
ch 14 52 50
ch 15 52 50
Run: 4119  
ch 4 300 300
ch 5 804 800
ch 13 26 25
ch 14 302 300
ch 15 302 300
Run: 4120  
ch 4 198 200
ch 5 504 500
ch 13 26 25
ch 14 202 200
ch 15 200 200
Run: 4121  
ch 4 48 50
ch 5 102 100
ch 13 26 25
ch 14 52 50
ch 15 52 50
Run: 4121  
ch 4 48 50
ch 5 102 100
ch 13 26 25
ch 14 52 50
ch 15 52 50
Run: 4122  
ch 4 48 50
ch 5 104 100
ch 13 26 25
ch 14 52 50
ch 15 52 50
Run: 4123  
ch 4 48 50
ch 5 102 100
ch 13 26 25
ch 14 52 50
ch 15 52 50
Run: 4123  
ch 4 48 50
ch 5 102 100
ch 13 26 25
ch 14 54 50
ch 15 52 50
Run: 4124  
ch 4 48 50
ch 5 102 100
ch 13 26 25
ch 14 54 50
ch 15 52 50
Run: 4124  
ch 4 48 50
ch 5 102 100
ch 13 26 25
ch 14 54 50
ch 15 52 50
Run: 4125  
ch 4 98 100
ch 5 202 200
ch 13 26 25
ch 14 102 100
ch 15 102 100
Run: 4125  
ch 4 98 100
ch 5 202 200
ch 13 26 25
ch 14 102 100
ch 15 102 100
Run: 4126  
ch 4 98 100
ch 5 202 200
ch 13 26 25
ch 14 102 100
ch 15 104 100
Run: 4126  
ch 4 100 100
ch 5 202 200
ch 13 26 25
ch 14 102 100
ch 15 102 100
Run: 4127  
ch 4 150 150
ch 5 352 350
ch 13 26 25
ch 14 152 150
ch 15 150 150
Run: 4127  
ch 4 148 150
ch 5 352 350
ch 13 26 25
ch 14 152 150
ch 15 152 150
Run: 4128  
ch 4 148 150
ch 5 352 350
ch 13 26 25
ch 14 152 150
ch 15 152 150
Run: 4128  
ch 4 148 150
ch 5 352 350
ch 13 24 25
ch 14 152 150
ch 15 152 150
Run: 4129  
ch 4 198 200
ch 5 504 500
ch 13 26 25
ch 14 202 200
ch 15 202 200
Run: 4129  
ch 4 198 200
ch 5 504 500
ch 13 26 25
ch 14 202 200
ch 15 202 200
Run: 4130  
ch 4 198 200
ch 5 502 500
ch 13 26 25
ch 14 202 200
ch 15 202 200
Run: 4130  
ch 4 198 200
ch 5 502 500
ch 13 24 25
ch 14 202 200
ch 15 202 200
Run: 4131  
ch 4 250 250
ch 5 654 650
ch 13 26 25
ch 14 252 250
ch 15 252 250
Run: 4131  
ch 4 250 250
ch 5 654 650
ch 13 26 25
ch 14 252 250
ch 15 252 250
Run: 4132  
ch 4 250 250
ch 5 654 650
ch 13 26 25
ch 14 252 250
ch 15 252 250
Run: 4132  
ch 4 248 250
ch 5 652 650
ch 13 26 25
ch 14 252 250
ch 15 252 250
Run: 4133  
ch 4 300 300
ch 5 802 800
ch 13 26 25
ch 14 302 300
ch 15 302 300
Run: 4133  
ch 4 300 300
ch 5 802 800
ch 13 24 25
ch 14 302 300
ch 15 302 300
Run: 4134  
ch 4 300 300
ch 5 802 800
ch 13 26 25
ch 14 302 300
ch 15 302 300
Run: 4134  
ch 4 300 300
ch 5 802 800
ch 13 26 25
ch 14 302 300
ch 15 302 300
Run: 4135  
ch 4 50 50
ch 5 104 100
ch 13 26 25
ch 14 52 50
ch 15 52 50
Run: 4135  
ch 4 50 50
ch 5 102 100
ch 13 26 25
ch 14 52 50
ch 15 52 50
Run: 4136  
ch 4 50 50
ch 5 104 100
ch 13 26 25
ch 14 52 50
ch 15 52 50
Run: 4136  
ch 4 50 50
ch 5 102 100
ch 13 26 25
ch 14 52 50
ch 15 52 50
Run: 4137  
ch 4 100 100
ch 5 204 200
ch 13 26 25
ch 14 102 100
ch 15 102 100
Run: 4137  
ch 4 100 100
ch 5 202 200
ch 13 26 25
ch 14 102 100
ch 15 102 100
Run: 4138  
ch 4 100 100
ch 5 204 200
ch 13 26 25
ch 14 102 100
ch 15 102 100
Run: 4138  
ch 4 100 100
ch 5 204 200
ch 13 26 25
ch 14 102 100
ch 15 102 100
Run: 4139  
ch 4 148 150
ch 5 354 350
ch 13 26 25
ch 14 152 150
ch 15 152 150
Run: 4139  
ch 4 150 150
ch 5 354 350
ch 13 26 25
ch 14 152 150
ch 15 152 150
Run: 4140  
ch 4 148 150
ch 5 352 350
ch 13 24 25
ch 14 152 150
ch 15 152 150
Run: 4140  
ch 4 148 150
ch 5 354 350
ch 13 26 25
ch 14 152 150
ch 15 152 150
Run: 4141  
ch 4 198 200
ch 5 504 500
ch 13 26 25
ch 14 202 200
ch 15 202 200
Run: 4141  
ch 4 198 200
ch 5 504 500
ch 13 24 25
ch 14 202 200
ch 15 202 200
Run: 4142  
ch 4 198 200
ch 5 504 500
ch 13 24 25
ch 14 202 200
ch 15 202 200
Run: 4142  
ch 4 200 200
ch 5 504 500
ch 13 26 25
ch 14 202 200
ch 15 202 200
Run: 4143  
ch 4 250 250
ch 5 654 650
ch 13 24 25
ch 14 252 250
ch 15 252 250
Run: 4143  
ch 4 250 250
ch 5 654 650
ch 13 26 25
ch 14 252 250
ch 15 250 250
Run: 4144  
ch 4 250 250
ch 5 654 650
ch 13 26 25
ch 14 252 250
ch 15 252 250
Run: 4144  
ch 4 250 250
ch 5 654 650
ch 13 26 25
ch 14 254 250
ch 15 252 250
Run: 4145  
ch 4 300 300
ch 5 804 800
ch 13 26 25
ch 14 302 300
ch 15 302 300
Run: 4145  
ch 4 300 300
ch 5 804 800
ch 13 26 25
ch 14 304 300
ch 15 302 300
Run: 4146  
ch 4 300 300
ch 5 802 800
ch 13 24 25
ch 14 302 300
ch 15 302 300
Run: 4146  
ch 4 300 300
ch 5 802 800
ch 13 24 25
ch 14 304 300
ch 15 302 300
Run: 4147  
ch 4 50 50
ch 5 104 100
ch 13 26 25
ch 14 54 50
ch 15 52 50
Run: 4147  
ch 4 50 50
ch 5 104 100
ch 13 26 25
ch 14 52 50
ch 15 54 50
Run: 4148  
ch 4 48 50
ch 5 104 100
ch 13 24 25
ch 14 54 50
ch 15 52 50
Run: 4148  
ch 4 48 50
ch 5 102 100
ch 13 24 25
ch 14 52 50
ch 15 52 50
Run: 4149  
ch 4 100 100
ch 5 204 200
ch 13 26 25
ch 14 104 100
ch 15 102 100
Run: 4149  
ch 4 98 100
ch 5 202 200
ch 13 24 25
ch 14 104 100
ch 15 102 100
Run: 4150  
ch 4 100 100
ch 5 204 200
ch 13 26 25
ch 14 102 100
ch 15 102 100
Run: 4150  
ch 4 100 100
ch 5 204 200
ch 13 26 25
ch 14 102 100
ch 15 102 100
Run: 4151  
ch 4 150 150
ch 5 354 350
ch 13 26 25
ch 14 152 150
ch 15 152 150
Run: 4151  
ch 4 148 150
ch 5 354 350
ch 13 26 25
ch 14 152 150
ch 15 152 150
Run: 4152  
ch 4 150 150
ch 5 354 350
ch 13 26 25
ch 14 152 150
ch 15 152 150
Run: 4152  
ch 4 150 150
ch 5 352 350
ch 13 24 25
ch 14 152 150
ch 15 152 150
Run: 4153  
ch 4 200 200
ch 5 504 500
ch 13 26 25
ch 14 202 200
ch 15 202 200
Run: 4153  
ch 4 198 200
ch 5 504 500
ch 13 26 25
ch 14 202 200
ch 15 202 200
Run: 4154  
ch 4 198 200
ch 5 504 500
ch 13 26 25
ch 14 202 200
ch 15 202 200
Run: 4154  
ch 4 198 200
ch 5 504 500
ch 13 26 25
ch 14 202 200
ch 15 202 200
Run: 4155  
ch 4 250 250
ch 5 654 650
ch 13 26 25
ch 14 252 250
ch 15 252 250
Run: 4155  
ch 4 250 250
ch 5 654 650
ch 13 24 25
ch 14 252 250
ch 15 252 250
Run: 4156  
ch 4 250 250
ch 5 652 650
ch 13 26 25
ch 14 252 250
ch 15 252 250
Run: 4156  
ch 4 250 250
ch 5 654 650
ch 13 26 25
ch 14 252 250
ch 15 252 250
Run: 4157  
ch 4 300 300
ch 5 802 800
ch 13 24 25
ch 14 302 300
ch 15 302 300
Run: 4157  
ch 4 300 300
ch 5 802 800
ch 13 24 25
ch 14 302 300
ch 15 302 300
Run: 4158  
ch 4 300 300
ch 5 802 800
ch 13 26 25
ch 14 302 300
ch 15 302 300
Run: 4158  
ch 4 300 300
ch 5 804 800
ch 13 26 25
ch 14 302 300
ch 15 302 300
Run: 4159  
ch 4 50 50
ch 5 102 100
ch 13 26 25
ch 14 52 50
ch 15 52 50
Run: 4159  
ch 4 48 50
ch 5 102 100
ch 13 26 25
ch 14 54 50
ch 15 52 50
Run: 4160  
ch 4 48 50
ch 5 102 100
ch 13 26 25
ch 14 54 50
ch 15 52 50
Run: 4160  
ch 4 48 50
ch 5 102 100
ch 14 52 50
ch 15 52 50
Run: 4161  
ch 4 98 100
ch 5 202 200
ch 14 102 100
ch 15 102 100
Run: 4161  
ch 4 98 100
ch 5 202 200
ch 14 102 100
ch 15 102 100
Run: 4162  
ch 4 100 100
ch 5 202 200
ch 14 102 100
ch 15 102 100
Run: 4162  
ch 4 98 100
ch 5 202 200
ch 14 102 100
ch 15 102 100
Run: 4163  
ch 4 148 150
ch 5 352 350
ch 14 152 150
ch 15 152 150
Run: 4163  
ch 4 148 150
ch 5 352 350
ch 14 152 150
ch 15 152 150
Run: 4164  
ch 4 148 150
ch 5 352 350
ch 14 152 150
ch 15 150 150
Run: 4164  
ch 4 148 150
ch 5 352 350
ch 14 152 150
ch 15 152 150
Run: 4165  
ch 4 198 200
ch 5 502 500
ch 14 202 200
ch 15 202 200
Run: 4165  
ch 4 198 200
ch 5 502 500
ch 14 202 200
ch 15 202 200
Run: 4166  
ch 4 198 200
ch 5 502 500
ch 14 202 200
ch 15 202 200
Run: 4166  
ch 4 198 200
ch 5 502 500
ch 14 202 200
ch 15 202 200
Run: 4167  
ch 4 248 250
ch 5 652 650
ch 14 252 250
ch 15 252 250
Run: 4167  
ch 4 248 250
ch 5 652 650
ch 14 252 250
ch 15 252 250
Run: 4168  
ch 4 248 250
ch 5 652 650
ch 14 252 250
ch 15 252 250
Run: 4169  
ch 4 50 50
ch 5 100 100
ch 14 54 50
ch 15 52 50
Run: 4169  
ch 4 50 50
ch 5 102 100
ch 14 52 50
ch 15 52 50
Run: 4170  
ch 4 52 50
ch 5 102 100
ch 14 52 50
ch 15 52 50
Run: 4170  
ch 4 52 50
ch 5 102 100
ch 14 52 50
ch 15 52 50
Run: 4171  
ch 4 52 50
ch 5 102 100
ch 14 52 50
ch 15 52 50
Run: 4171  
ch 4 50 50
ch 5 102 100
ch 14 52 50
ch 15 52 50
Run: 4172  
ch 4 52 50
ch 5 102 100
ch 14 52 50
ch 15 52 50
Run: 4172  
ch 4 50 50
ch 5 100 100
ch 14 54 50
ch 15 52 50
Run: 4173  
ch 4 50 50
ch 5 102 100
ch 14 54 50
ch 15 52 50
Run: 4173  
ch 4 52 50
ch 5 100 100
ch 14 52 50
ch 15 52 50
Run: 4174  
ch 4 50 50
ch 5 100 100
ch 14 54 50
ch 15 52 50
Run: 4175  
ch 4 52 50
ch 5 100 100
ch 14 52 50
ch 15 52 50
Run: 4175  
ch 4 50 50
ch 5 102 100
ch 14 54 50
ch 15 52 50
Run: 4176  
ch 4 8 10
ch 5 302 300
ch 15 250 300
Run: 4176  
ch 5 302 300
ch 15 302 300
Run: 4177  
ch 5 302 300
ch 15 302 300
Run: 4177  
ch 4 10 10
ch 5 300 300
ch 15 302 300
Run: 4178  
ch 4 10 10
ch 5 300 300
ch 14 12 10
ch 15 302 300
Run: 4178  
ch 5 302 300
ch 14 14 10
ch 15 302 300
Run: 4181  
ch 5 302 300
ch 14 12 10
ch 15 302 300
Run: 4181  
ch 5 302 300
ch 14 14 10
ch 15 302 300
Run: 4183  
ch 4 4 5
ch 5 100 100
ch 14 6 5
ch 15 102 100
Run: 4183  
ch 4 4 5
ch 5 100 100
ch 14 6 5
ch 15 102 100
Run: 4184  
ch 4 4 5
ch 5 100 100
ch 14 8 5
ch 15 102 100
Run: 4184  
ch 4 4 5
ch 5 100 100
ch 14 6 5
ch 15 104 100
Run: 4185  
ch 4 4 5
ch 5 100 100
ch 14 6 5
ch 15 102 100
Run: 4185  
ch 4 10 10
ch 5 116 200
ch 14 12 10
ch 15 112 200
Run: 4188  
ch 4 92 90
ch 5 200 200
ch 14 92 90
ch 15 202 200
Run: 4188  
ch 4 92 90
ch 5 200 200
ch 14 94 90
ch 15 202 200
Run: 4189  
ch 4 92 90
ch 5 200 200
ch 14 94 90
ch 15 202 200
Run: 4189  
ch 4 152 150
ch 5 200 200
ch 14 152 150
ch 15 202 200
Run: 4190  
ch 4 150 150
ch 5 200 200
ch 14 154 150
ch 15 202 200
Run: 4191  
ch 4 152 150
ch 5 200 200
ch 15 202 200
Run: 4191  
ch 4 152 150
ch 5 200 200
ch 15 202 200
Run: 4192  
ch 4 150 150
ch 5 202 200
ch 15 202 200
Run: 4192  
ch 4 152 150
ch 5 200 200
ch 15 202 200
Run: 4193  
ch 4 152 150
ch 5 200 200
ch 15 202 200
Run: 4194  
ch 4 152 150
ch 5 200 200
ch 15 202 200
Run: 4194  
ch 4 152 150
ch 5 200 200
ch 15 202 200
Run: 4195  
ch 4 452 450
ch 5 100 100
ch 14 302 300
ch 15 102 100
Run: 4195  
ch 4 452 450
ch 5 102 100
ch 14 302 300
ch 15 102 100
Run: 4196  
ch 4 452 450
ch 5 100 100
ch 14 304 300
ch 15 102 100
Run: 4196  
ch 4 452 450
ch 5 100 100
ch 14 302 300
ch 15 102 100
Run: 4197  
ch 4 552 550
ch 5 150 150
ch 14 426 425
ch 15 152 150
Run: 4197  
ch 4 552 550
ch 5 150 150
ch 14 426 425
ch 15 152 150
Run: 4198  
ch 4 552 550
ch 5 150 150
ch 14 426 425
ch 15 152 150
Run: 4198  
ch 4 554 550
ch 5 150 150
ch 14 426 425
ch 15 152 150
Run: 4199  
ch 4 652 650
ch 5 202 200
ch 14 552 550
ch 15 202 200
Run: 4199  
ch 4 654 650
ch 5 202 200
ch 14 552 550
ch 15 202 200
Run: 4200  
ch 4 652 650
ch 5 200 200
ch 14 552 550
ch 15 202 200
Run: 4200  
ch 4 652 650
ch 5 202 200
ch 14 552 550
ch 15 202 200
Run: 4201  
ch 4 802 800
ch 5 302 300
ch 14 802 800
ch 15 302 300
Run: 4201  
ch 4 802 800
ch 5 302 300
ch 14 802 800
ch 15 302 300
Run: 4202  
ch 4 802 800
ch 5 302 300
ch 14 802 800
ch 15 302 300
Run: 4202  
ch 4 802 800
ch 5 302 300
ch 14 802 800
ch 15 302 300
Run: 4203  
ch 4 728 725
ch 5 252 250
ch 14 676 675
ch 15 252 250
Run: 4203  
ch 4 726 725
ch 5 252 250
ch 14 676 675
ch 15 252 250
Run: 4204  
ch 4 728 725
ch 5 252 250
ch 14 676 675
ch 15 254 250
Run: 4204  
ch 4 726 725
ch 5 252 250
ch 14 676 675
ch 15 252 250
Run: 4205  
ch 4 452 450
ch 5 100 100
ch 14 302 300
ch 15 102 100
Run: 4205  
ch 4 452 450
ch 5 102 100
ch 14 302 300
ch 15 102 100
Run: 4206  
ch 4 452 450
ch 5 102 100
ch 14 302 300
ch 15 102 100
Run: 4206  
ch 4 452 450
ch 5 102 100
ch 14 302 300
ch 15 102 100
Run: 4207  
ch 4 552 550
ch 5 152 150
ch 14 426 425
ch 15 152 150
Run: 4207  
ch 4 554 550
ch 5 152 150
ch 14 426 425
ch 15 152 150
Run: 4208  
ch 4 552 550
ch 5 150 150
ch 14 426 425
ch 15 152 150
Run: 4208  
ch 4 554 550
ch 5 150 150
ch 14 426 425
ch 15 152 150
Run: 4210  
ch 4 454 450
ch 5 102 100
ch 14 302 300
ch 15 102 100
Run: 4210  
ch 4 454 450
ch 5 102 100
ch 14 302 300
ch 15 102 100
Run: 4211  
ch 4 454 450
ch 5 104 100
ch 14 302 300
ch 15 102 100
Run: 4211  
ch 4 454 450
ch 5 104 100
ch 14 302 300
ch 15 102 100
Run: 4212  
ch 4 556 550
ch 5 154 150
ch 14 426 425
ch 15 152 150
Run: 4212  
ch 4 556 550
ch 5 152 150
ch 14 426 425
ch 15 152 150
Run: 4213  
ch 4 554 550
ch 5 152 150
ch 14 428 425
ch 15 152 150
Run: 4213  
ch 4 554 550
ch 5 152 150
ch 14 426 425
ch 15 152 150
Run: 4214  
ch 4 654 650
ch 5 202 200
ch 14 552 550
ch 15 202 200
Run: 4214  
ch 4 654 650
ch 5 202 200
ch 14 552 550
ch 15 202 200
Run: 4215  
ch 4 654 650
ch 5 202 200
ch 14 552 550
ch 15 202 200
Run: 4215  
ch 4 652 650
ch 5 202 200
ch 14 552 550
ch 15 202 200
Run: 4216  
ch 4 802 800
ch 5 302 300
ch 14 802 800
ch 15 302 300
Run: 4216  
ch 4 804 800
ch 5 302 300
ch 14 802 800
ch 15 304 300
Run: 4217  
ch 4 804 800
ch 5 302 300
ch 14 802 800
ch 15 302 300
Run: 4217  
ch 4 802 800
ch 5 302 300
ch 14 802 800
ch 15 304 300
Run: 4218  
ch 4 728 725
ch 5 252 250
ch 14 676 675
ch 15 252 250
Run: 4218  
ch 4 726 725
ch 5 252 250
ch 14 676 675
ch 15 252 250
Run: 4219  
ch 4 728 725
ch 5 252 250
ch 14 676 675
ch 15 254 250
Run: 4219  
ch 4 728 725
ch 5 252 250
ch 14 676 675
ch 15 252 250
Run: 4220  
ch 4 452 450
ch 5 102 100
ch 14 302 300
ch 15 102 100
Run: 4220  
ch 4 452 450
ch 5 102 100
ch 14 302 300
ch 15 102 100
Run: 4221  
ch 4 452 450
ch 5 102 100
ch 14 302 300
ch 15 102 100
Run: 4221  
ch 4 452 450
ch 5 102 100
ch 14 302 300
ch 15 102 100
Run: 4222  
ch 4 554 550
ch 5 150 150
ch 14 426 425
ch 15 152 150
Run: 4222  
ch 4 554 550
ch 5 150 150
ch 14 426 425
ch 15 152 150
Run: 4223  
ch 4 552 550
ch 5 150 150
ch 14 426 425
ch 15 152 150
Run: 4223  
ch 4 552 550
ch 5 150 150
ch 14 426 425
ch 15 152 150
Run: 4224  
ch 4 652 650
ch 5 200 200
ch 14 552 550
ch 15 202 200
Run: 4224  
ch 4 652 650
ch 5 200 200
ch 14 554 550
ch 15 202 200
Run: 4225  
ch 4 652 650
ch 5 200 200
ch 14 552 550
ch 15 202 200
Run: 4225  
ch 4 652 650
ch 5 200 200
ch 14 552 550
ch 15 202 200
Run: 4226  
ch 4 802 800
ch 5 300 300
ch 14 802 800
ch 15 302 300
Run: 4226  
ch 4 802 800
ch 5 302 300
ch 14 802 800
ch 15 302 300
Run: 4227  
ch 4 802 800
ch 5 300 300
ch 14 802 800
ch 15 304 300
Run: 4227  
ch 4 802 800
ch 5 300 300
ch 14 802 800
ch 15 302 300
Run: 4228  
ch 4 82 450
ch 5 102 100
ch 15 102 100
Run: 4229  
ch 5 102 100
ch 15 102 100
Run: 4230  
ch 5 102 100
ch 15 102 100
Run: -1  
ch 5 102 100
ch 15 102 100
Run: 4231  
ch 5 102 100
ch 15 102 100
Run: -1  
ch 5 0 100
ch 15 0 100
Run: 4232  
ch 5 102 100
ch 15 102 100
Run: 4232  
ch 5 102 100
ch 15 102 100
Run: 4233  
ch 4 12 10
ch 5 10 10
ch 14 14 10
ch 15 18 10
Run: 4233  
ch 4 12 10
ch 5 10 10
ch 14 14 10
ch 15 18 10
Run: 4234  
ch 4 12 10
ch 5 10 10
ch 14 12 10
ch 15 16 10
Run: 4235  
ch 4 12 10
ch 5 10 10
ch 14 12 10
ch 15 16 10
Run: 4237  
ch 4 12 10
ch 5 10 10
ch 14 12 10
ch 15 16 10
Run: -1  
ch 4 12 10
ch 5 10 10
ch 14 12 10
ch 15 16 10
Run: 4238  
ch 4 12 10
ch 5 10 10
ch 14 12 10
ch 15 16 10
Run: -1  
ch 4 12 10
ch 5 10 10
ch 14 12 10
ch 15 16 10
Run: 4239  
ch 4 12 10
ch 5 10 10
ch 14 12 10
ch 15 16 10
Run: -1  
ch 4 12 10
ch 5 10 10
ch 14 12 10
ch 15 16 10
Run: 4240  
ch 4 12 10
ch 5 10 10
ch 14 14 10
ch 15 16 10
Run: -1  
ch 4 12 10
ch 5 10 10
ch 14 12 10
ch 15 16 10
Run: 4241  
ch 4 12 10
ch 5 10 10
ch 14 12 10
ch 15 16 10
Run: 4242  
ch 4 10 10
ch 5 10 10
ch 14 12 10
ch 15 16 10
Run: 4243  
ch 4 12 10
ch 5 10 10
ch 14 12 10
ch 15 16 10
Run: 4244  
ch 4 1000 999
ch 5 958 999
ch 14 1000 999
Run: 4245  
ch 4 1002 999
ch 14 1000 999
Run: 4245  
ch 4 1002 999
ch 14 1002 999
Run: 4246  
ch 4 1002 999
ch 14 1000 999
Run: 4246  
ch 4 1000 999
ch 14 1000 999
Run: 4247  
ch 4 1000 999
ch 14 1000 999
Run: 4247  
ch 4 1002 999
ch 14 1000 999
Run: 4248  
ch 4 1002 999
ch 14 1000 999
Run: 4248  
ch 4 1000 999
ch 14 1002 999
Run: 4249  
ch 4 302 300
ch 5 100 100
ch 14 302 300
ch 15 102 100
Run: 4249  
ch 4 302 300
ch 5 100 100
ch 14 304 300
ch 15 102 100
Run: 4250  
ch 4 302 300
ch 5 100 100
ch 14 302 300
ch 15 104 100
Run: 4250  
ch 4 302 300
ch 5 100 100
ch 14 302 300
ch 15 102 100
Run: 4251  
ch 4 410 550
ch 5 150 150
ch 14 408 425
ch 15 152 150
Run: 4251  
ch 4 448 550
ch 5 150 150
ch 14 426 425
ch 15 152 150
Run: 4252  
ch 4 538 550
ch 5 150 150
ch 14 426 425
ch 15 152 150
Run: 4252  
ch 4 552 550
ch 5 150 150
ch 14 428 425
ch 15 154 150
Run: 4253  
ch 4 652 650
ch 5 200 200
ch 14 534 550
ch 15 202 200
Run: 4253  
ch 4 652 650
ch 5 200 200
ch 14 554 550
ch 15 202 200
Run: 4254  
ch 4 652 650
ch 5 200 200
ch 14 554 550
ch 15 202 200
Run: 4254  
ch 4 652 650
ch 5 200 200
ch 14 554 550
ch 15 202 200
Run: 4255  
ch 4 772 800
ch 5 300 300
ch 14 670 800
ch 15 302 300
Run: 4255  
ch 4 802 800
ch 5 300 300
ch 14 710 800
ch 15 304 300
Run: 4256  
ch 4 802 800
ch 5 300 300
ch 14 802 800
ch 15 302 300
Run: 4256  
ch 4 802 800
ch 5 300 300
ch 14 802 800
ch 15 304 300
Run: 4257  
ch 4 726 725
ch 5 250 250
ch 14 676 675
ch 15 254 250
Run: 4257  
ch 4 726 725
ch 5 252 250
ch 14 676 675
ch 15 252 250
Run: 4258  
ch 4 726 725
ch 5 250 250
ch 14 676 675
ch 15 254 250
Run: 4258  
ch 4 728 725
ch 5 252 250
ch 14 676 675
ch 15 252 250
Run: 4259  
ch 4 604 600
ch 5 584 600
ch 14 604 600
ch 15 576 600
Run: 4259  
ch 4 604 600
ch 5 602 600
ch 14 602 600
ch 15 604 600
Run: 4260  
ch 4 604 600
ch 5 602 600
ch 14 604 600
ch 15 602 600
Run: 4260  
ch 4 604 600
ch 5 602 600
ch 14 604 600
ch 15 604 600
Run: 4261  
ch 4 712 999
ch 5 932 999
ch 14 710 999
ch 15 926 999
Run: 4261  
ch 4 738 999
ch 5 960 999
ch 14 736 999
Run: 4262  
ch 4 846 999
ch 14 844 999
Run: 4262  
ch 4 1002 999
ch 14 1002 999
Run: 4263  
ch 4 304 300
ch 5 100 100
ch 14 302 300
ch 15 102 100
Run: 4263  
ch 4 302 300
ch 5 100 100
ch 14 304 300
ch 15 102 100
Run: 4264  
ch 4 302 300
ch 5 102 100
ch 14 302 300
ch 15 102 100
Run: 4264  
ch 4 302 300
ch 5 100 100
ch 14 302 300
ch 15 102 100
Run: 4265  
ch 4 410 550
ch 5 150 150
ch 14 408 425
ch 15 152 150
Run: 4265  
ch 4 448 550
ch 5 150 150
ch 14 428 425
ch 15 152 150
Run: 4266  
ch 4 548 550
ch 5 150 150
ch 14 426 425
ch 15 152 150
Run: 4266  
ch 4 552 550
ch 5 150 150
ch 14 426 425
ch 15 154 150
Run: 4267  
ch 4 654 650
ch 5 200 200
ch 14 532 550
ch 15 202 200
Run: 4267  
ch 4 652 650
ch 5 200 200
ch 14 552 550
ch 15 202 200
Run: 4268  
ch 4 652 650
ch 5 200 200
ch 14 552 550
ch 15 202 200
Run: 4268  
ch 4 654 650
ch 5 200 200
ch 14 552 550
ch 15 202 200
Run: 4269  
ch 4 804 800
ch 5 300 300
ch 14 740 800
ch 15 304 300
Run: 4269  
ch 4 804 800
ch 5 300 300
ch 14 780 800
ch 15 302 300
Run: 4270  
ch 4 804 800
ch 5 302 300
ch 14 802 800
ch 15 302 300
Run: 4270  
ch 4 804 800
ch 5 302 300
ch 14 802 800
ch 15 304 300
Run: 4277  
ch 4 302 300
ch 5 102 100
ch 14 304 300
ch 15 102 100
Run: 4277  
ch 4 302 300
ch 5 104 100
ch 14 302 300
ch 15 102 100
Run: 4278  
ch 4 302 300
ch 5 102 100
ch 14 302 300
ch 15 102 100
Run: 4278  
ch 4 302 300
ch 5 102 100
ch 14 304 300
ch 15 102 100
Run: 4279  
ch 4 302 300
ch 5 102 100
ch 14 302 300
ch 15 102 100
Run: 4279  
ch 4 302 300
ch 5 102 100
ch 14 304 300
ch 15 102 100
Run: 4280  
ch 4 410 550
ch 5 152 150
ch 14 408 425
ch 15 154 150
Run: 4280  
ch 4 448 550
ch 5 152 150
ch 14 426 425
ch 15 154 150
Run: 4281  
ch 4 552 550
ch 5 154 150
ch 14 426 425
ch 15 152 150
Run: 4281  
ch 4 552 550
ch 5 152 150
ch 14 426 425
ch 15 154 150
Run: 4282  
ch 4 652 650
ch 5 202 200
ch 14 534 550
ch 15 202 200
Run: 4282  
ch 4 650 650
ch 5 202 200
ch 14 554 550
ch 15 202 200
Run: 4283  
ch 4 652 650
ch 5 202 200
ch 14 552 550
ch 15 202 200
Run: 4283  
ch 4 652 650
ch 5 202 200
ch 14 554 550
ch 15 202 200
Run: 4284  
ch 4 760 800
ch 5 302 300
ch 14 658 800
ch 15 302 300
Run: 4284  
ch 4 796 800
ch 5 302 300
ch 14 696 800
ch 15 302 300
Run: 4285  
ch 4 800 800
ch 5 302 300
ch 14 794 800
ch 15 302 300
Run: 4285  
ch 4 800 800
ch 5 302 300
ch 14 802 800
ch 15 304 300
Run: 4289  
ch 4 300 300
ch 5 102 100
ch 14 304 300
ch 15 102 100
Run: 4289  
ch 4 300 300
ch 5 102 100
ch 14 302 300
ch 15 102 100
Run: 4290  
ch 4 300 300
ch 5 102 100
ch 14 302 300
ch 15 102 100
Run: 4290  
ch 4 300 300
ch 5 102 100
ch 14 302 300
ch 15 102 100
Run: 4292  
ch 4 300 300
ch 5 100 100
ch 14 304 300
ch 15 102 100
Run: 4292  
ch 4 300 300
ch 5 102 100
ch 14 302 300
ch 15 102 100
Run: 4293  
ch 4 300 300
ch 5 100 100
ch 14 302 300
ch 15 102 100
Run: 4293  
ch 4 300 300
ch 5 100 100
ch 14 302 300
ch 15 102 100
Run: 4294  
ch 4 384 550
ch 5 152 150
ch 14 386 425
ch 15 152 150
Run: 4294  
ch 4 422 550
ch 5 150 150
ch 14 424 425
ch 15 152 150
Run: 4295  
ch 4 518 550
ch 5 150 150
ch 14 426 425
ch 15 152 150
Run: 4295  
ch 4 550 550
ch 5 150 150
ch 14 426 425
ch 15 152 150
Run: 4296  
ch 4 636 650
ch 5 200 200
ch 14 510 550
ch 15 202 200
Run: 4296  
ch 4 648 650
ch 5 200 200
ch 14 552 550
ch 15 202 200
Run: 4297  
ch 4 650 650
ch 5 200 200
ch 14 552 550
ch 15 202 200
Run: 4297  
ch 4 648 650
ch 5 200 200
ch 14 554 550
ch 15 202 200
Run: 4298  
ch 4 736 800
ch 5 300 300
ch 14 638 800
ch 15 302 300
Run: 4298  
ch 4 772 800
ch 5 300 300
ch 14 674 800
ch 15 304 300
Run: 4299  
ch 4 800 800
ch 5 300 300
ch 14 758 800
ch 15 302 300
Run: 4299  
ch 4 798 800
ch 5 300 300
ch 14 802 800
ch 15 302 300
Run: 4300  
ch 4 724 725
ch 5 250 250
ch 14 676 675
ch 15 252 250
Run: 4300  
ch 4 724 725
ch 5 250 250
ch 14 676 675
ch 15 254 250
Run: 4301  
ch 4 724 725
ch 5 250 250
ch 14 678 675
ch 15 252 250
Run: 4301  
ch 4 724 725
ch 5 250 250
ch 14 676 675
ch 15 252 250
Run: 4302  
ch 4 600 600
ch 5 510 600
ch 14 602 600
ch 15 506 600
Run: 4302  
ch 4 600 600
ch 5 598 600
ch 14 602 600
ch 15 590 600
Run: 4303  
ch 4 600 600
ch 5 602 600
ch 14 602 600
ch 15 602 600
Run: 4303  
ch 4 600 600
ch 5 600 600
ch 14 604 600
ch 15 602 600
Run: 4304  
ch 4 686 999
ch 5 862 999
ch 14 686 999
ch 15 858 999
Run: 4304  
ch 4 712 999
ch 5 940 999
ch 14 714 999
ch 15 934 999
Run: 4305  
ch 4 838 999
ch 5 972 999
ch 14 840 999
ch 15 236 999
Run: 4305  
ch 4 876 999
ch 14 876 999
ch 15 348 999
Run: 4306  
ch 4 992 999
ch 14 992 999
ch 15 698 999
Run: 4306  
ch 4 998 999
ch 14 1000 999
Run: 4307  
ch 4 996 999
ch 5 368 800
ch 14 1000 999
ch 15 366 800
Run: 4307  
ch 4 998 999
ch 5 800 800
ch 14 1000 999
ch 15 802 800
Run: 4308  
ch 4 996 999
ch 5 800 800
ch 14 1002 999
ch 15 802 800
Run: -1  
ch 4 998 999
ch 5 800 800
ch 14 1000 999
ch 15 802 800
Run: 4309  
ch 4 998 999
ch 5 800 800
ch 14 1000 999
ch 15 802 800
Run: 4309  
ch 4 998 999
ch 5 800 800
ch 14 1000 999
ch 15 802 800
Run: 4310  
ch 4 998 999
ch 5 800 800
ch 14 1000 999
ch 15 802 800
Run: 4310  
ch 4 998 999
ch 5 800 800
ch 14 1000 999
ch 15 802 800
Run: 4311  
ch 4 148 150
ch 5 150 150
ch 14 152 150
ch 15 152 150
Run: 4311  
ch 4 148 150
ch 5 150 150
ch 14 154 150
ch 15 152 150
Run: 4312  
ch 4 148 150
ch 5 150 150
ch 14 152 150
ch 15 152 150
Run: 4312  
ch 4 150 150
ch 5 150 150
ch 14 154 150
ch 15 152 150
Run: 4313  
ch 4 234 300
ch 5 300 300
ch 14 236 300
ch 15 302 300
Run: 4313  
ch 4 266 300
ch 5 300 300
ch 14 268 300
ch 15 302 300
Run: 4314  
ch 4 300 300
ch 5 300 300
ch 14 304 300
ch 15 302 300
Run: 4314  
ch 4 300 300
ch 5 302 300
ch 14 302 300
ch 15 302 300
Run: 4315  
ch 4 384 650
ch 5 200 200
ch 14 386 550
ch 15 202 200
Run: 4315  
ch 4 410 650
ch 5 200 200
ch 14 414 550
ch 15 202 200
Run: 4316  
ch 4 518 650
ch 5 200 200
ch 14 520 550
ch 15 202 200
Run: 4316  
ch 4 650 650
ch 5 200 200
ch 14 552 550
ch 15 202 200
Run: 4317  
ch 4 600 600
ch 5 462 600
ch 14 604 600
ch 15 458 600
Run: 4317  
ch 4 600 600
ch 5 590 600
ch 14 604 600
ch 15 586 600
Run: 4318  
ch 4 600 600
ch 5 600 600
ch 14 602 600
ch 15 602 600
Run: 4318  
ch 4 600 600
ch 5 600 600
ch 14 602 600
ch 15 602 600
Run: 4319  
ch 4 686 999
ch 5 800 800
ch 14 686 999
ch 15 800 800
Run: 4319  
ch 4 722 999
ch 5 800 800
ch 14 722 999
ch 15 800 800
Run: 4320  
ch 4 924 999
ch 5 800 800
ch 14 924 999
ch 15 802 800
Run: 4320  
ch 4 998 999
ch 5 800 800
ch 14 1000 999
ch 15 802 800
Run: 4321  
ch 4 148 150
ch 5 150 150
ch 14 154 150
ch 15 152 150
Run: 4321  
ch 4 148 150
ch 5 150 150
ch 14 154 150
ch 15 152 150
Run: 4322  
ch 4 150 150
ch 5 150 150
ch 14 152 150
ch 15 152 150
Run: 4322  
ch 4 148 150
ch 5 150 150
ch 14 154 150
ch 15 152 150
Run: 4323  
ch 4 234 300
ch 5 302 300
ch 14 236 300
ch 15 302 300
Run: 4323  
ch 4 268 300
ch 5 302 300
ch 14 270 300
ch 15 302 300
Run: 4324  
ch 4 300 300
ch 5 302 300
ch 14 304 300
ch 15 302 300
Run: 4324  
ch 4 300 300
ch 5 302 300
ch 14 304 300
ch 15 302 300
Run: 4325  
ch 4 396 650
ch 5 200 200
ch 14 396 550
ch 15 202 200
Run: 4325  
ch 4 424 650
ch 5 200 200
ch 14 424 550
ch 15 202 200
Run: 4326  
ch 4 506 650
ch 5 202 200
ch 14 506 550
ch 15 202 200
Run: 4326  
ch 4 650 650
ch 5 200 200
ch 14 552 550
ch 15 204 200
Run: 4327  
ch 4 600 600
ch 5 462 600
ch 14 602 600
ch 15 456 600
Run: 4327  
ch 4 600 600
ch 5 596 600
ch 14 604 600
ch 15 590 600
Run: 4328  
ch 4 600 600
ch 5 602 600
ch 14 604 600
ch 15 602 600
Run: 4328  
ch 4 602 600
ch 5 602 600
ch 14 604 600
ch 15 602 600
Run: 4329  
ch 4 686 999
ch 5 800 800
ch 14 686 999
ch 15 802 800
Run: 4329  
ch 4 722 999
ch 5 802 800
ch 14 722 999
ch 15 802 800
Run: 4330  
ch 4 804 999
ch 5 802 800
ch 14 804 999
ch 15 802 800
Run: 4330  
ch 4 998 999
ch 5 800 800
ch 14 1002 999
ch 15 802 800
Run: 4331  
ch 4 150 150
ch 5 150 150
ch 14 152 150
ch 15 152 150
Run: 4331  
ch 4 150 150
ch 5 150 150
ch 14 154 150
ch 15 152 150
Run: 4332  
ch 4 150 150
ch 5 150 150
ch 14 152 150
ch 15 152 150
Run: -1  
ch 4 0 150
ch 5 0 150
ch 14 0 150
ch 15 14 150
Run: 4336  
ch 4 150 150
ch 5 154 150
ch 13 134 200
ch 14 152 150
ch 15 152 150
Run: 4336  
ch 4 150 150
ch 5 154 150
ch 13 162 200
ch 14 152 150
ch 15 152 150
Run: 4337  
ch 4 150 150
ch 5 154 150
ch 13 200 200
ch 14 154 150
ch 15 152 150
Run: 4337  
ch 4 150 150
ch 5 154 150
ch 13 202 200
ch 14 152 150
ch 15 152 150
Run: 4338  
ch 4 234 300
ch 5 304 300
ch 13 176 175
ch 14 234 300
ch 15 302 300
Run: 4338  
ch 4 268 300
ch 5 304 300
ch 13 176 175
ch 14 268 300
ch 15 302 300
Run: 4339  
ch 4 300 300
ch 5 304 300
ch 13 176 175
ch 14 302 300
ch 15 302 300
Run: 4339  
ch 4 300 300
ch 5 304 300
ch 13 176 175
ch 14 302 300
ch 15 302 300
Run: 4340  
ch 4 398 650
ch 5 204 200
ch 13 152 150
ch 14 398 550
ch 15 202 200
Run: 4340  
ch 4 422 650
ch 5 204 200
ch 13 150 150
ch 14 424 550
ch 15 202 200
Run: 4341  
ch 4 588 650
ch 5 204 200
ch 13 150 150
ch 14 552 550
ch 15 202 200
Run: 4341  
ch 4 650 650
ch 5 206 200
ch 13 152 150
ch 14 554 550
ch 15 202 200
Run: 4342  
ch 4 600 600
ch 5 494 600
ch 13 126 125
ch 14 604 600
ch 15 490 600
Run: 4342  
ch 4 600 600
ch 5 606 600
ch 13 126 125
ch 14 604 600
ch 15 602 600
Run: 4343  
ch 4 602 600
ch 5 604 600
ch 13 126 125
ch 14 602 600
ch 15 602 600
Run: 4343  
ch 4 600 600
ch 5 604 600
ch 13 126 125
ch 14 602 600
ch 15 604 600
Run: 4344  
ch 4 686 999
ch 5 804 800
ch 13 102 100
ch 14 684 999
ch 15 802 800
Run: 4344  
ch 4 720 999
ch 5 804 800
ch 13 102 100
ch 14 718 999
ch 15 802 800
Run: 4345  
ch 4 824 999
ch 5 804 800
ch 13 102 100
ch 14 822 999
ch 15 802 800
Run: 4345  
ch 4 1000 999
ch 5 804 800
ch 13 102 100
ch 14 1000 999
ch 15 802 800
Run: 4346  
ch 4 150 150
ch 5 154 150
ch 13 76 75
ch 14 152 150
ch 15 152 150
Run: 4346  
ch 4 150 150
ch 5 154 150
ch 13 76 75
ch 14 152 150
ch 15 152 150
Run: 4347  
ch 4 150 150
ch 5 154 150
ch 13 76 75
ch 14 152 150
ch 15 152 150
Run: 4347  
ch 4 150 150
ch 5 154 150
ch 13 76 75
ch 14 154 150
ch 15 152 150
Run: 4348  
ch 4 234 300
ch 5 304 300
ch 13 52 50
ch 14 236 300
ch 15 302 300
Run: 4348  
ch 4 266 300
ch 5 304 300
ch 13 52 50
ch 14 266 300
ch 15 302 300
Run: 4349  
ch 4 300 300
ch 5 304 300
ch 13 52 50
ch 14 304 300
ch 15 302 300
Run: 4349  
ch 4 300 300
ch 5 304 300
ch 13 52 50
ch 14 304 300
ch 15 302 300
Run: 4350  
ch 4 384 650
ch 5 204 200
ch 13 26 25
ch 14 386 550
ch 15 202 200
Run: 4350  
ch 4 410 650
ch 5 204 200
ch 13 26 25
ch 14 410 550
ch 15 202 200
Run: 4351  
ch 4 524 650
ch 5 204 200
ch 13 26 25
ch 14 524 550
ch 15 202 200
Run: 4351  
ch 4 650 650
ch 5 204 200
ch 13 26 25
ch 14 554 550
ch 15 202 200
Run: 4352  
ch 4 602 600
ch 5 462 600
ch 13 88 225
ch 14 604 600
ch 15 452 600
Run: 4352  
ch 4 600 600
ch 5 586 600
ch 13 128 225
ch 14 604 600
ch 15 576 600
Run: 4353  
ch 4 600 600
ch 5 604 600
ch 13 216 225
ch 14 602 600
ch 15 602 600
Run: 4353  
ch 4 602 600
ch 5 606 600
ch 13 226 225
ch 14 604 600
ch 15 602 600
Run: 4354  
ch 4 686 999
ch 5 804 800
ch 13 202 200
ch 14 686 999
ch 15 802 800
Run: 4354  
ch 4 722 999
ch 5 804 800
ch 13 202 200
ch 14 722 999
ch 15 800 800
Run: 4355  
ch 4 832 999
ch 5 804 800
ch 13 202 200
ch 14 832 999
ch 15 802 800
Run: 4355  
ch 4 998 999
ch 5 806 800
ch 13 202 200
ch 14 1000 999
ch 15 802 800
Run: 4356  
ch 4 150 150
ch 5 154 150
ch 13 176 175
ch 14 152 150
ch 15 152 150
Run: 4356  
ch 4 150 150
ch 5 154 150
ch 13 176 175
ch 14 152 150
ch 15 152 150
Run: 4357  
ch 4 150 150
ch 5 154 150
ch 13 176 175
ch 14 154 150
ch 15 152 150
Run: 4357  
ch 4 150 150
ch 5 154 150
ch 13 176 175
ch 14 154 150
ch 15 152 150
Run: 4358  
ch 4 234 300
ch 5 304 300
ch 13 152 150
ch 14 234 300
ch 15 302 300
Run: 4358  
ch 4 268 300
ch 5 304 300
ch 13 152 150
ch 14 268 300
ch 15 302 300
Run: 4359  
ch 4 300 300
ch 5 304 300
ch 13 152 150
ch 14 302 300
ch 15 302 300
Run: 4359  
ch 4 300 300
ch 5 304 300
ch 13 152 150
ch 14 304 300
ch 15 302 300
Run: 4360  
ch 4 384 650
ch 5 204 200
ch 13 126 125
ch 14 386 550
ch 15 202 200
Run: 4360  
ch 4 412 650
ch 5 204 200
ch 13 126 125
ch 14 412 550
ch 15 202 200
Run: 4361  
ch 4 494 650
ch 5 204 200
ch 13 126 125
ch 14 494 550
ch 15 202 200
Run: 4361  
ch 4 650 650
ch 5 204 200
ch 13 126 125
ch 14 554 550
ch 15 202 200
Run: 4362  
ch 4 602 600
ch 5 464 600
ch 13 102 100
ch 14 604 600
ch 15 452 600
Run: 4362  
ch 4 602 600
ch 5 604 600
ch 13 102 100
ch 14 602 600
ch 15 592 600
Run: 4363  
ch 4 600 600
ch 5 606 600
ch 13 102 100
ch 14 602 600
ch 15 602 600
Run: 4363  
ch 4 602 600
ch 5 604 600
ch 13 102 100
ch 14 602 600
ch 15 602 600
Run: 4364  
ch 4 686 999
ch 5 804 800
ch 13 76 75
ch 14 686 999
ch 15 800 800
Run: 4364  
ch 4 720 999
ch 5 806 800
ch 13 76 75
ch 14 720 999
ch 15 802 800
Run: 4365  
ch 4 802 999
ch 5 804 800
ch 13 76 75
ch 14 802 999
ch 15 802 800
Run: 4365  
ch 4 1000 999
ch 5 804 800
ch 13 76 75
ch 14 1000 999
ch 15 802 800
Run: 4366  
ch 4 150 150
ch 5 154 150
ch 13 52 50
ch 14 154 150
ch 15 152 150
Run: 4366  
ch 4 150 150
ch 5 154 150
ch 13 52 50
ch 14 154 150
ch 15 152 150
Run: 4367  
ch 4 150 150
ch 5 154 150
ch 13 52 50
ch 14 154 150
ch 15 152 150
Run: 4367  
ch 4 150 150
ch 5 154 150
ch 13 52 50
ch 14 154 150
ch 15 152 150
Run: 4368  
ch 4 236 300
ch 5 304 300
ch 13 26 25
ch 14 236 300
ch 15 302 300
Run: 4368  
ch 4 268 300
ch 5 304 300
ch 13 26 25
ch 14 268 300
ch 15 302 300
Run: 4369  
ch 4 302 300
ch 5 306 300
ch 13 26 25
ch 14 302 300
ch 15 302 300
Run: 4369  
ch 4 302 300
ch 5 304 300
ch 13 26 25
ch 14 304 300
ch 15 302 300
Run: 4370  
ch 4 384 650
ch 5 204 200
ch 13 86 225
ch 14 384 550
ch 15 202 200
Run: 4370  
ch 4 410 650
ch 5 204 200
ch 13 112 225
ch 14 410 550
ch 15 202 200
Run: 4371  
ch 4 496 650
ch 5 204 200
ch 13 196 225
ch 14 496 550
ch 15 202 200
Run: 4371  
ch 4 652 650
ch 5 204 200
ch 13 224 225
ch 14 552 550
ch 15 202 200
Run: 4372  
ch 4 602 600
ch 5 464 600
ch 13 202 200
ch 14 604 600
ch 15 454 600
Run: 4372  
ch 4 602 600
ch 5 588 600
ch 13 202 200
ch 14 602 600
ch 15 578 600
Run: 4373  
ch 4 602 600
ch 5 606 600
ch 13 202 200
ch 14 602 600
ch 15 602 600
Run: 4373  
ch 4 602 600
ch 5 606 600
ch 13 202 200
ch 14 604 600
ch 15 602 600
Run: 4374  
ch 4 686 999
ch 5 804 800
ch 13 176 175
ch 14 686 999
ch 15 802 800
Run: 4374  
ch 4 720 999
ch 5 804 800
ch 13 174 175
ch 14 720 999
ch 15 802 800
Run: 4375  
ch 4 852 999
ch 5 804 800
ch 13 174 175
ch 14 852 999
ch 15 802 800
Run: 4375  
ch 4 1000 999
ch 5 804 800
ch 13 176 175
ch 14 1000 999
ch 15 802 800
Run: 4376  
ch 4 150 150
ch 5 154 150
ch 13 152 150
ch 14 154 150
ch 15 152 150
Run: 4376  
ch 4 150 150
ch 5 154 150
ch 13 152 150
ch 14 152 150
ch 15 152 150
Run: 4377  
ch 4 150 150
ch 5 154 150
ch 13 152 150
ch 14 154 150
ch 15 152 150
Run: 4377  
ch 4 150 150
ch 5 154 150
ch 13 152 150
ch 14 152 150
ch 15 152 150
Run: 4378  
ch 4 236 300
ch 5 306 300
ch 13 126 125
ch 14 236 300
ch 15 302 300
Run: 4378  
ch 4 266 300
ch 5 306 300
ch 13 126 125
ch 14 268 300
ch 15 302 300
Run: 4379  
ch 4 302 300
ch 5 304 300
ch 13 126 125
ch 14 302 300
ch 15 302 300
Run: 4379  
ch 4 302 300
ch 5 306 300
ch 13 126 125
ch 14 302 300
ch 15 302 300
Run: 4380  
ch 4 388 650
ch 5 206 200
ch 13 102 100
ch 14 386 550
ch 15 202 200
Run: 4380  
ch 4 414 650
ch 5 204 200
ch 13 102 100
ch 14 412 550
ch 15 202 200
Run: 4381  
ch 4 496 650
ch 5 206 200
ch 13 102 100
ch 14 496 550
ch 15 202 200
Run: 4381  
ch 4 652 650
ch 5 204 200
ch 13 102 100
ch 14 552 550
ch 15 202 200
Run: 4382  
ch 4 602 600
ch 5 458 600
ch 13 76 75
ch 14 604 600
ch 15 450 600
Run: 4382  
ch 4 602 600
ch 5 588 600
ch 13 76 75
ch 14 604 600
ch 15 578 600
Run: 4383  
ch 4 602 600
ch 5 606 600
ch 13 76 75
ch 14 604 600
ch 15 602 600
Run: 4383  
ch 4 602 600
ch 5 606 600
ch 13 76 75
ch 14 602 600
ch 15 602 600
Run: 4384  
ch 4 686 999
ch 5 806 800
ch 13 52 50
ch 14 686 999
ch 15 800 800
Run: 4384  
ch 4 720 999
ch 5 806 800
ch 13 52 50
ch 14 720 999
ch 15 802 800
Run: 4385  
ch 4 806 999
ch 5 804 800
ch 13 52 50
ch 14 804 999
ch 15 802 800
Run: 4385  
Run: 4433  
ch 12 0 0
Run: 4433  
ch 12 0 0
Run: 4434  
ch 12 0 0
Run: 4434  
ch 12 0 0
Run: 4435  
ch 12 0 0
Run: 4435  
ch 12 0 0
Run: 4437  
ch 12 0 0
Run: 4437  
ch 12 0 0
Run: 4438  
ch 12 0 0
Run: 4439  
ch 12 0 0
Run: 4440  
ch 12 0 0
Run: 4441  
ch 12 0 0
Run: 4442  
ch 12 86 150
ch 13 80 150
ch 14 84 150
ch 15 82 150
Run: 4442  
ch 12 120 150
ch 13 116 150
ch 14 116 150
ch 15 116 150
Run: 4443  
ch 12 150 150
ch 13 150 150
ch 14 152 150
ch 15 152 150
Run: 4443  
ch 12 150 150
ch 13 150 150
ch 14 154 150
ch 15 152 150
Run: 4444  
ch 12 234 300
ch 13 234 300
ch 14 236 300
ch 15 232 300
Run: 4444  
ch 12 274 300
ch 13 274 300
ch 14 274 300
ch 15 274 300
Run: 4445  
ch 12 300 300
ch 13 302 300
ch 14 302 300
ch 15 302 300
Run: 4445  
ch 12 300 300
ch 13 300 300
ch 14 302 300
ch 15 302 300
Run: 4446  
ch 12 384 600
ch 13 384 600
ch 14 384 600
ch 15 384 600
Run: 4446  
ch 12 434 600
ch 13 434 600
ch 14 434 600
ch 15 432 600
Run: 4447  
ch 12 600 600
ch 13 600 600
ch 14 604 600
ch 15 604 600
Run: 4447  
ch 12 600 600
ch 13 602 600
ch 14 604 600
ch 15 602 600
Run: 4448  
ch 12 686 999
ch 13 684 999
ch 14 686 999
ch 15 684 999
Run: 4448  
ch 12 724 999
ch 13 722 999
ch 14 722 999
ch 15 722 999
Run: 4449  
ch 12 996 999
Run: 4449  
ch 12 998 999
Run: 4450  
ch 12 150 150
ch 13 82 150
ch 14 84 150
ch 15 84 150
Run: 4450  
ch 12 150 150
ch 13 116 150
ch 14 118 150
ch 15 116 150
Run: 4451  
ch 12 150 150
ch 13 152 150
ch 14 154 150
ch 15 152 150
Run: 4451  
ch 12 150 150
ch 13 150 150
ch 14 154 150
ch 15 152 150
Run: 4452  
ch 12 236 300
ch 13 234 300
ch 14 234 300
ch 15 234 300
Run: 4452  
ch 12 276 300
ch 13 276 300
ch 14 274 300
ch 15 274 300
Run: 4453  
ch 12 300 300
ch 13 300 300
ch 14 304 300
ch 15 302 300
Run: 4453  
ch 12 302 300
ch 13 302 300
ch 14 302 300
ch 15 302 300
Run: 4454  
ch 12 386 600
ch 13 386 600
ch 14 386 600
ch 15 384 600
Run: 4454  
ch 12 436 600
ch 13 436 600
ch 14 436 600
ch 15 434 600
Run: 4455  
ch 12 540 600
ch 13 542 600
ch 14 542 600
ch 15 540 600
Run: 4455  
ch 12 602 600
ch 13 602 600
ch 14 604 600
ch 15 602 600
Run: 4456  
ch 12 768 999
ch 13 768 999
ch 14 770 999
ch 15 768 999
Run: 4456  
ch 12 806 999
ch 13 806 999
ch 14 806 999
ch 15 806 999
Run: 4457  
ch 12 998 999
ch 13 998 999
ch 14 1000 999
Run: 4457  
ch 12 998 999
ch 13 998 999
ch 14 1000 999
Run: 4458  
ch 12 150 150
ch 13 152 150
ch 14 154 150
ch 15 82 150
Run: 4458  
ch 12 150 150
ch 13 152 150
ch 14 154 150
ch 15 116 150
Run: 4459  
ch 12 150 150
ch 13 150 150
ch 14 152 150
ch 15 152 150
Run: 4459  
ch 12 150 150
ch 13 150 150
ch 14 154 150
ch 15 152 150
Run: 4460  
ch 12 234 300
ch 13 234 300
ch 14 236 300
ch 15 232 300
Run: 4460  
ch 12 274 300
ch 13 276 300
ch 14 276 300
ch 15 274 300
Run: 4461  
ch 12 300 300
ch 13 300 300
ch 14 302 300
ch 15 302 300
Run: 4461  
ch 12 300 300
ch 13 300 300
ch 14 302 300
ch 15 302 300
Run: 4462  
ch 12 384 600
ch 13 384 600
ch 14 386 600
ch 15 384 600
Run: 4462  
ch 12 436 600
ch 13 436 600
ch 14 434 600
ch 15 434 600
Run: 4463  
ch 12 524 600
ch 13 524 600
ch 14 524 600
ch 15 522 600
Run: 4463  
ch 12 600 600
ch 13 602 600
ch 14 604 600
ch 15 602 600
Run: 4464  
ch 12 684 999
ch 13 686 999
ch 14 686 999
ch 15 684 999
Run: 4464  
ch 12 722 999
ch 13 722 999
ch 14 722 999
ch 15 720 999
Run: 4465  
ch 12 834 999
ch 13 834 999
ch 14 836 999
ch 15 834 999
Run: 4465  
ch 12 998 999
ch 13 998 999
ch 14 1002 999
Run: 4466  
ch 12 150 150
ch 13 152 150
ch 14 154 150
ch 15 84 150
Run: 4466  
ch 12 150 150
ch 13 152 150
ch 14 154 150
ch 15 114 150
Run: 4467  
ch 12 150 150
ch 13 152 150
ch 14 152 150
ch 15 152 150
Run: 4467  
ch 12 150 150
ch 13 152 150
ch 14 152 150
ch 15 152 150
Run: 4468  
ch 12 236 300
ch 13 234 300
ch 14 236 300
ch 15 234 300
Run: 4468  
ch 12 274 300
ch 13 274 300
ch 14 274 300
ch 15 272 300
Run: 4469  
ch 12 300 300
ch 13 300 300
ch 14 304 300
ch 15 304 300
Run: 4469  
ch 12 300 300
ch 13 302 300
ch 14 302 300
ch 15 302 300
Run: 4470  
ch 12 384 600
ch 13 382 600
ch 14 384 600
ch 15 384 600
Run: 4470  
ch 12 434 600
ch 13 434 600
ch 14 434 600
ch 15 432 600
Run: 4471  
ch 12 540 600
ch 13 542 600
ch 14 542 600
ch 15 540 600
Run: 4471  
ch 12 600 600
ch 13 602 600
ch 14 604 600
ch 15 604 600
Run: 4472  
ch 12 688 999
ch 13 688 999
ch 14 690 999
ch 15 686 999
Run: 4472  
ch 12 726 999
ch 13 726 999
ch 14 726 999
ch 15 724 999
Run: 4473  
ch 12 834 999
ch 13 834 999
ch 14 834 999
ch 15 832 999
Run: 4473  
ch 12 998 999
ch 13 998 999
ch 14 1000 999
Run: 4474  
ch 12 150 150
ch 13 150 150
ch 14 152 150
ch 15 100 150
Run: 4474  
ch 12 150 150
ch 13 152 150
ch 14 154 150
ch 15 130 150
Run: 4475  
ch 12 150 150
ch 13 150 150
ch 14 154 150
ch 15 152 150
Run: 4475  
ch 12 150 150
ch 13 152 150
ch 14 152 150
ch 15 152 150
Run: 4476  
ch 12 236 300
ch 13 236 300
ch 14 234 300
ch 15 234 300
Run: 4476  
ch 12 274 300
ch 13 274 300
ch 14 274 300
ch 15 272 300
Run: 4477  
ch 12 300 300
ch 13 302 300
ch 14 304 300
ch 15 302 300
Run: 4477  
ch 12 300 300
ch 13 302 300
ch 14 302 300
ch 15 302 300
Run: 4478  
ch 12 384 600
ch 13 384 600
ch 14 386 600
ch 15 382 600
Run: 4478  
ch 12 436 600
ch 13 438 600
ch 14 438 600
ch 15 434 600
Run: 4479  
ch 12 534 600
ch 13 532 600
ch 14 534 600
ch 15 532 600
Run: 4479  
ch 12 600 600
ch 13 602 600
ch 14 604 600
ch 15 602 600
Run: 4480  
ch 12 684 999
ch 13 684 999
ch 14 684 999
ch 15 682 999
Run: 4480  
ch 12 722 999
ch 13 722 999
ch 14 722 999
ch 15 720 999
Run: 4481  
ch 12 834 999
ch 13 834 999
ch 14 834 999
ch 15 832 999
Run: 4481  
ch 12 996 999
ch 13 998 999
ch 14 1002 999
Run: 4482  
ch 12 150 150
ch 13 150 150
ch 14 154 150
ch 15 84 150
Run: 4482  
ch 12 150 150
ch 13 152 150
ch 14 152 150
ch 15 114 150
Run: 4483  
ch 12 152 150
ch 13 152 150
ch 14 154 150
ch 15 152 150
Run: 4483  
ch 12 150 150
ch 13 152 150
ch 14 152 150
ch 15 152 150
Run: 4484  
ch 12 236 300
ch 13 236 300
ch 14 238 300
ch 15 236 300
Run: 4484  
ch 12 276 300
ch 13 276 300
ch 14 278 300
ch 15 274 300
Run: 4485  
ch 12 300 300
ch 13 300 300
ch 14 304 300
ch 15 302 300
Run: 4485  
ch 12 300 300
ch 13 300 300
ch 14 304 300
ch 15 302 300
Run: 4486  
ch 12 384 600
ch 13 384 600
ch 14 386 600
ch 15 384 600
Run: 4486  
ch 12 434 600
ch 13 434 600
ch 14 436 600
ch 15 432 600
Run: 4487  
ch 12 536 600
ch 13 538 600
ch 14 538 600
ch 15 536 600
Run: 4487  
ch 12 600 600
ch 13 602 600
ch 14 604 600
ch 15 602 600
Run: 4488  
ch 12 684 999
ch 13 684 999
ch 14 686 999
ch 15 684 999
Run: 4488  
ch 12 722 999
ch 13 722 999
ch 14 722 999
ch 15 720 999
Run: 4489  
ch 12 802 999
ch 13 802 999
ch 14 804 999
ch 15 802 999
Run: 4489  
ch 12 998 999
ch 13 998 999
ch 14 1000 999
Run: 4490  
ch 12 150 150
ch 13 150 150
ch 14 152 150
ch 15 84 150
Run: 4490  
ch 12 150 150
ch 13 152 150
ch 14 154 150
ch 15 114 150
Run: 4491  
ch 12 150 150
ch 13 150 150
ch 14 154 150
ch 15 152 150
Run: 4491  
ch 12 150 150
ch 13 152 150
ch 14 152 150
ch 15 152 150
Run: 4492  
ch 12 236 300
ch 13 236 300
ch 14 236 300
ch 15 234 300
Run: 4492  
ch 12 274 300
ch 13 276 300
ch 14 276 300
ch 15 274 300
Run: 4493  
ch 12 302 300
ch 13 302 300
ch 14 304 300
ch 15 302 300
Run: 4493  
ch 12 300 300
ch 13 302 300
ch 14 304 300
ch 15 302 300
Run: 4494  
ch 12 384 600
ch 13 384 600
ch 14 386 600
ch 15 384 600
Run: 4494  
ch 12 436 600
ch 13 436 600
ch 14 436 600
ch 15 434 600
Run: 4495  
ch 12 602 600
ch 13 602 600
ch 14 602 600
ch 15 602 600
Run: -1  
ch 12 602 600
ch 13 602 600
ch 14 604 600
ch 15 602 600
Run: 4496  
ch 12 684 999
ch 13 684 999
ch 14 686 999
ch 15 684 999
Run: 4496  
ch 12 722 999
ch 13 722 999
ch 14 724 999
ch 15 720 999
Run: 4497  
ch 12 998 999
ch 13 998 999
ch 14 1002 999
Run: 4497  
ch 12 996 999
ch 13 998 999
ch 14 1000 999
Run: 4498  
ch 12 150 150
ch 13 150 150
ch 14 154 150
ch 15 82 150
Run: 4498  
ch 12 150 150
ch 13 152 150
ch 14 154 150
ch 15 116 150
Run: 0  
ch 12 150 150
ch 13 152 150
ch 14 154 150
ch 15 152 150
Run: 4500  
ch 12 236 300
ch 13 234 300
ch 14 234 300
ch 15 234 300
Run: 4500  
ch 12 274 300
ch 13 274 300
ch 14 274 300
ch 15 272 300
Run: 4501  
ch 12 302 300
ch 13 302 300
ch 14 302 300
ch 15 302 300
Run: 4501  
ch 12 300 300
ch 13 300 300
ch 14 302 300
ch 15 302 300
Run: 4502  
ch 12 384 600
ch 13 384 600
ch 14 386 600
ch 15 384 600
Run: 4502  
ch 12 434 600
ch 13 434 600
ch 14 436 600
ch 15 434 600
Run: -1  
ch 12 578 600
ch 13 578 600
ch 14 578 600
ch 15 576 600
Run: 4504  
ch 12 668 999
ch 13 666 999
ch 14 668 999
ch 15 666 999
Run: 4504  
ch 12 706 999
ch 13 704 999
ch 14 706 999
ch 15 704 999
Run: 4505  
ch 12 842 999
ch 13 842 999
ch 14 844 999
ch 15 840 999
Run: 4505  
ch 12 998 999
ch 13 998 999
ch 14 1000 999
Run: 4506  
ch 12 150 150
ch 13 152 150
ch 14 154 150
ch 15 84 150
Run: 4506  
ch 12 150 150
ch 13 150 150
ch 14 154 150
ch 15 116 150
Run: 0  
ch 12 150 150
ch 13 152 150
ch 14 154 150
ch 15 152 150
Run: 4508  
ch 12 248 300
ch 13 246 300
ch 14 248 300
ch 15 246 300
Run: 4508  
ch 12 286 300
ch 13 286 300
ch 14 286 300
ch 15 284 300
Run: 0  
ch 12 300 300
ch 13 302 300
ch 14 304 300
ch 15 302 300
Run: 4510  
ch 12 384 600
ch 13 384 600
ch 14 386 600
ch 15 384 600
Run: 4510  
ch 12 436 600
ch 13 436 600
ch 14 436 600
ch 15 434 600
Run: 4511  
ch 12 600 600
ch 13 602 600
ch 14 604 600
ch 15 604 600
Run: 4511  
ch 12 600 600
ch 13 602 600
ch 14 604 600
ch 15 602 600
Run: 4512  
ch 12 686 999
ch 13 686 999
ch 14 686 999
ch 15 684 999
Run: 4512  
ch 12 724 999
ch 13 722 999
ch 14 724 999
ch 15 722 999
Run: 4513  
ch 12 998 999
ch 13 998 999
ch 14 1000 999
Run: 4513  
ch 12 998 999
ch 13 998 999
ch 14 1000 999
Run: 4514  
ch 12 150 150
ch 13 152 150
ch 14 154 150
ch 15 82 150
Run: 4514  
ch 12 150 150
ch 13 150 150
ch 14 154 150
ch 15 116 150
Run: 4515  
ch 12 150 150
ch 13 152 150
ch 14 154 150
ch 15 152 150
Run: 4516  
ch 12 150 150
ch 13 150 150
ch 14 152 150
ch 15 152 150
Run: 4516  
ch 12 150 150
ch 13 152 150
ch 14 152 150
ch 15 152 150
Run: 4517  
ch 12 150 150
ch 13 152 150
ch 14 154 150
ch 15 152 150
Run: 4517  
ch 12 150 150
ch 13 152 150
ch 14 154 150
ch 15 152 150
Run: 4518  
ch 12 234 300
ch 13 234 300
ch 14 236 300
ch 15 232 300
Run: 4518  
ch 12 276 300
ch 13 276 300
ch 14 276 300
ch 15 276 300
Run: 4519  
ch 12 300 300
ch 13 302 300
ch 14 304 300
ch 15 302 300
Run: 4519  
ch 12 300 300
ch 13 302 300
ch 14 302 300
ch 15 302 300
Run: 4520  
ch 12 386 600
ch 13 386 600
ch 14 386 600
ch 15 384 600
Run: 4520  
ch 12 436 600
ch 13 434 600
ch 14 436 600
ch 15 434 600
Run: 4521  
ch 12 516 600
ch 13 516 600
ch 14 516 600
ch 15 514 600
Run: 4521  
ch 12 600 600
ch 13 602 600
ch 14 604 600
ch 15 602 600
Run: 4522  
ch 12 686 999
ch 13 686 999
ch 14 688 999
ch 15 684 900
Run: 4522  
ch 12 724 999
ch 13 724 999
ch 14 724 999
ch 15 722 900
Run: 4523  
ch 12 822 999
ch 13 820 999
ch 14 824 999
ch 15 820 900
Run: 4523  
ch 12 998 999
ch 13 1000 999
ch 14 1000 999
Run: 4524  
ch 12 150 150
ch 13 152 150
ch 14 152 150
ch 15 82 150
Run: 4524  
ch 12 150 150
ch 13 152 150
ch 14 154 150
ch 15 114 150
Run: 4525  
ch 12 150 150
ch 13 152 150
ch 14 154 150
ch 15 152 150
Run: 4525  
ch 12 150 150
ch 13 150 150
ch 14 154 150
ch 15 152 150
Run: 4526  
ch 12 234 300
ch 13 234 300
ch 14 234 300
ch 15 234 300
Run: 4526  
ch 12 274 300
ch 13 274 300
ch 14 276 300
ch 15 272 300
Run: 4527  
ch 12 300 300
ch 13 302 300
ch 14 304 300
ch 15 302 300
Run: 4527  
ch 12 300 300
ch 13 302 300
ch 14 302 300
ch 15 302 300
Run: 4528  
ch 12 384 600
ch 13 384 600
ch 14 386 600
ch 15 384 600
Run: 4528  
ch 12 434 600
ch 13 432 600
ch 14 434 600
ch 15 432 600
Run: 4529  
ch 12 520 600
ch 13 520 600
ch 14 520 600
ch 15 518 600
Run: 4529  
ch 12 600 600
ch 13 600 600
ch 14 604 600
ch 15 602 600
Run: 4530  
ch 12 686 999
ch 13 684 999
ch 14 686 999
ch 15 684 900
Run: 4530  
ch 12 722 999
ch 13 722 999
ch 14 722 999
ch 15 720 900
Run: 4531  
ch 12 904 999
ch 13 906 999
ch 14 906 999
ch 15 902 900
Run: 4531  
ch 12 996 999
ch 13 1000 999
ch 14 1000 999
Run: 4532  
ch 12 150 150
ch 13 152 150
ch 14 152 150
ch 15 82 150
Run: 4532  
ch 12 150 150
ch 13 152 150
ch 14 154 150
ch 15 116 150
Run: 4533  
ch 12 150 150
ch 13 152 150
ch 14 154 150
ch 15 152 150
Run: 4533  
ch 12 150 150
ch 13 152 150
ch 14 152 150
ch 15 152 150
Run: 4534  
ch 12 236 300
ch 13 238 300
ch 14 238 300
ch 15 236 300
Run: 4534  
ch 12 278 300
ch 13 278 300
ch 14 280 300
ch 15 276 300
Run: 4535  
ch 12 300 300
ch 13 302 300
ch 14 304 300
ch 15 302 300
Run: 4535  
ch 12 300 300
ch 13 302 300
ch 14 304 300
ch 15 302 300
Run: 4536  
ch 12 386 600
ch 13 384 600
ch 14 386 600
ch 15 384 600
Run: 4536  
ch 12 436 600
ch 13 436 600
ch 14 436 600
ch 15 434 600
Run: 4537  
ch 12 542 600
ch 13 542 600
ch 14 542 600
ch 15 542 600
Run: 4537  
ch 12 600 600
ch 13 600 600
ch 14 604 600
ch 15 602 600
Run: 4538  
ch 12 686 999
ch 13 686 999
ch 14 686 999
ch 15 686 900
Run: 4538  
ch 12 724 999
ch 13 724 999
ch 14 726 999
ch 15 722 900
Run: 4539  
ch 12 832 999
ch 13 834 999
ch 14 834 999
ch 15 832 900
Run: 4539  
ch 12 998 999
ch 13 998 999
ch 14 1000 999
Run: 4540  
ch 12 150 150
ch 13 150 150
ch 14 154 150
ch 15 86 150
Run: 4540  
ch 12 150 150
ch 13 152 150
ch 14 154 150
ch 15 118 150
Run: 4541  
ch 12 150 150
ch 13 152 150
ch 14 154 150
ch 15 152 150
Run: 4541  
ch 12 150 150
ch 13 152 150
ch 14 152 150
ch 15 152 150
Run: 4542  
ch 12 236 300
ch 13 236 300
ch 14 236 300
ch 15 236 300
Run: 4542  
ch 12 276 300
ch 13 276 300
ch 14 276 300
ch 15 274 300
Run: 4543  
ch 12 300 300
ch 13 302 300
ch 14 304 300
ch 15 302 300
Run: 4543  
ch 12 300 300
ch 13 300 300
ch 14 302 300
ch 15 302 300
Run: 4544  
ch 12 384 600
ch 13 384 600
ch 14 386 600
ch 15 384 600
Run: 4544  
ch 12 434 600
ch 13 434 600
ch 14 434 600
ch 15 434 600
Run: 4545  
ch 12 540 600
ch 13 542 600
ch 14 542 600
ch 15 540 600
Run: 4545  
ch 12 602 600
ch 13 602 600
ch 14 604 600
ch 15 602 600
Run: 4546  
ch 12 684 999
ch 13 684 999
ch 14 686 999
ch 15 684 900
Run: 4546  
ch 12 722 999
ch 13 722 999
ch 14 722 999
ch 15 720 900
Run: 4547  
ch 12 814 999
ch 13 814 999
ch 14 814 999
ch 15 812 900
Run: 4547  
ch 12 998 999
ch 13 998 999
ch 14 1000 999
Run: 4548  
ch 12 150 150
ch 13 152 150
ch 14 152 150
ch 15 82 150
Run: 4548  
ch 12 150 150
ch 13 152 150
ch 14 154 150
ch 15 114 150
Run: 4549  
ch 12 150 150
ch 13 150 150
ch 14 154 150
ch 15 152 150
Run: 4549  
ch 12 150 150
ch 13 152 150
ch 14 154 150
ch 15 152 150
Run: 4550  
ch 12 236 300
ch 13 234 300
ch 14 236 300
ch 15 234 300
Run: 4550  
ch 12 274 300
ch 13 274 300
ch 14 274 300
ch 15 272 300
Run: 4551  
ch 12 300 300
ch 13 302 300
ch 14 302 300
ch 15 302 300
Run: 4551  
ch 12 300 300
ch 13 302 300
ch 14 302 300
ch 15 302 300
Run: 4552  
ch 12 384 600
ch 13 384 600
ch 14 386 600
ch 15 384 600
Run: 4552  
ch 12 436 600
ch 13 436 600
ch 14 436 600
ch 15 434 600
Run: 4553  
ch 12 540 600
ch 13 542 600
ch 14 542 600
ch 15 540 600
Run: 4553  
ch 12 602 600
ch 13 602 600
ch 14 604 600
ch 15 604 600
Run: 4554  
ch 12 770 999
ch 13 770 999
ch 14 770 999
ch 15 766 900
Run: 4554  
ch 12 806 999
ch 13 806 999
ch 14 808 999
ch 15 806 900
Run: 4555  
ch 12 890 999
ch 13 890 999
ch 14 890 999
ch 15 888 900
Run: 4555  
ch 12 998 999
ch 13 998 999
ch 14 1000 999
Run: 4556  
ch 12 150 150
ch 13 152 150
ch 14 154 150
ch 15 82 150
Run: 4556  
ch 12 150 150
ch 13 150 150
ch 14 154 150
ch 15 116 150
Run: 4557  
ch 12 150 150
ch 13 150 150
ch 14 152 150
ch 15 152 150
Run: 4557  
ch 12 150 150
ch 13 150 150
ch 14 152 150
ch 15 152 150
Run: 4558  
ch 12 236 300
ch 13 234 300
ch 14 234 300
ch 15 234 300
Run: 4558  
ch 12 274 300
ch 13 274 300
ch 14 274 300
ch 15 272 300
Run: 4559  
ch 12 300 300
ch 13 302 300
ch 14 302 300
ch 15 302 300
Run: 4559  
ch 12 300 300
ch 13 302 300
ch 14 304 300
ch 15 302 300
Run: 4560  
ch 12 386 600
ch 13 384 600
ch 14 386 600
ch 15 384 600
Run: 4560  
ch 12 436 600
ch 13 436 600
ch 14 438 600
ch 15 434 600
Run: 4561  
ch 12 534 600
ch 13 534 600
ch 14 536 600
ch 15 532 600
Run: 4561  
ch 12 600 600
ch 13 602 600
ch 14 604 600
ch 15 602 600
Run: 4562  
ch 12 686 999
ch 13 686 999
ch 14 688 999
ch 15 684 900
Run: 4562  
ch 12 724 999
ch 13 724 999
ch 14 724 999
ch 15 720 900
Run: 4563  
ch 12 830 999
ch 13 830 999
ch 14 834 999
ch 15 830 900
Run: 4563  
ch 12 998 999
ch 13 998 999
ch 14 1000 999
Run: 4564  
ch 12 150 150
ch 13 152 150
ch 14 154 150
ch 15 82 150
Run: 4564  
ch 12 150 150
ch 13 150 150
ch 14 152 150
ch 15 116 150
Run: 4565  
ch 12 150 150
ch 13 152 150
ch 14 154 150
ch 15 152 150
Run: 4565  
ch 12 150 150
ch 13 150 150
ch 14 154 150
ch 15 152 150
Run: 4566  
ch 12 236 300
ch 13 236 300
ch 14 236 300
ch 15 234 300
Run: 4566  
ch 12 276 300
ch 13 276 300
ch 14 276 300
ch 15 274 300
Run: 4567  
ch 12 300 300
ch 13 302 300
ch 14 304 300
ch 15 302 300
Run: 4567  
ch 12 300 300
ch 13 300 300
ch 14 304 300
ch 15 304 300
Run: 4568  
ch 12 384 600
ch 13 384 600
ch 14 386 600
ch 15 384 600
Run: 4568  
ch 12 438 600
ch 13 436 600
ch 14 438 600
ch 15 436 600
Run: 4569  
ch 12 540 600
ch 13 542 600
ch 14 542 600
ch 15 540 600
Run: 4569  
ch 12 600 600
ch 13 602 600
ch 14 604 600
ch 15 602 600
Run: 4570  
ch 12 686 999
ch 13 686 999
ch 14 688 999
ch 15 684 900
Run: 4570  
ch 12 722 999
ch 13 724 999
ch 14 724 999
ch 15 722 900
Run: 4571  
ch 12 840 999
ch 13 840 999
ch 14 840 999
ch 15 838 900
Run: 4571  
ch 12 998 999
ch 13 998 999
ch 14 1000 999
Run: 4572  
ch 12 150 150
ch 13 152 150
ch 14 152 150
ch 15 86 150
Run: 4572  
ch 12 150 150
ch 13 152 150
ch 14 152 150
ch 15 120 150
Run: 4573  
ch 12 150 150
ch 13 152 150
ch 14 152 150
ch 15 152 150
Run: 4573  
ch 12 150 150
ch 13 152 150
ch 14 154 150
ch 15 152 150
Run: 4574  
ch 12 236 300
ch 13 236 300
ch 14 236 300
ch 15 234 300
Run: 4574  
ch 12 276 300
ch 13 276 300
ch 14 276 300
ch 15 274 300
Run: 4575  
ch 12 300 300
ch 13 302 300
ch 14 302 300
ch 15 302 300
Run: 4575  
ch 12 300 300
ch 13 300 300
ch 14 304 300
ch 15 302 300
Run: 4576  
ch 12 384 600
ch 13 384 600
ch 14 386 600
ch 15 384 600
Run: 4576  
ch 12 434 600
ch 13 432 600
ch 14 436 600
ch 15 432 600
Run: 4577  
ch 12 540 600
ch 13 542 600
ch 14 542 600
ch 15 540 600
Run: 4577  
ch 12 600 600
ch 13 602 600
ch 14 604 600
ch 15 602 600
Run: -1  
ch 12 998 999
ch 14 1000 999
Run: -1  
Run: -1  
ch 14 154 150
Run: -1  
Run: -1  
Run: -1  
Run: 4585  
Run: 4585  
Run: 4586  
Run: 4586  
Run: 4587  
Run: 4587  
Run: 4588  
Run: -1  
Run: 4589  
ch 12 50 50
ch 13 52 50
ch 14 52 50
ch 15 52 50
Run: 4589  
ch 12 50 50
ch 13 52 50
ch 14 52 50
ch 15 52 50
Run: 4590  
ch 12 50 50
ch 13 50 50
ch 14 52 50
ch 15 52 50
Run: 4590  
ch 12 50 50
ch 13 52 50
ch 14 54 50
ch 15 52 50
Run: 4591  
ch 12 50 50
ch 13 52 50
ch 14 54 50
ch 15 52 50
Run: 4592  
ch 12 134 150
ch 13 134 150
ch 14 134 150
ch 15 134 150
Run: 4592  
ch 12 150 150
ch 13 150 150
ch 14 152 150
ch 15 152 150
Run: 4593  
ch 12 150 150
ch 13 150 150
ch 14 152 150
ch 15 152 150
Run: 4593  
ch 12 150 150
ch 13 152 150
ch 14 154 150
ch 15 152 150
Run: 4594  
ch 12 234 300
ch 13 236 300
ch 14 238 300
ch 15 234 300
Run: 4594  
ch 12 274 300
ch 13 274 300
ch 14 276 300
ch 15 274 300
Run: 4595  
ch 12 300 300
ch 13 302 300
ch 14 304 300
ch 15 302 300
Run: 4595  
ch 12 302 300
ch 13 302 300
ch 14 304 300
ch 15 302 300
Run: 4596  
ch 12 386 600
ch 13 384 600
ch 14 386 600
ch 15 384 600
Run: 4596  
ch 12 434 600
ch 13 436 600
ch 14 436 600
ch 15 434 600
Run: 4597  
ch 12 522 600
ch 13 524 600
ch 14 524 600
ch 15 522 600
Run: 4597  
ch 12 600 600
ch 13 602 600
ch 14 604 600
ch 15 602 600
Run: 4598  
ch 12 684 999
ch 13 684 999
ch 14 686 999
ch 15 682 900
Run: 4598  
ch 12 724 999
ch 13 722 999
ch 14 724 999
ch 15 720 900
Run: 4599  
ch 12 824 999
ch 13 822 999
ch 14 824 999
Run: 4599  
ch 12 998 999
ch 14 998 999
Run: 4600  
ch 12 150 150
ch 13 82 150
ch 14 154 150
ch 15 82 150
Run: 4600  
ch 12 150 150
ch 13 116 150
ch 14 154 150
ch 15 116 150
Run: 4601  
ch 12 152 150
ch 13 152 150
ch 14 154 150
ch 15 152 150
Run: 4601  
ch 12 150 150
ch 13 152 150
ch 14 154 150
ch 15 152 150
Run: 4602  
ch 12 234 300
ch 13 234 300
ch 14 234 300
ch 15 234 300
Run: 4602  
ch 12 274 300
ch 13 274 300
ch 14 276 300
ch 15 272 300
Run: 4603  
ch 12 300 300
ch 13 302 300
ch 14 304 300
ch 15 302 300
Run: 4603  
ch 12 300 300
ch 13 300 300
ch 14 304 300
ch 15 302 300
Run: 4604  
ch 12 384 600
ch 13 384 600
ch 14 386 600
ch 15 384 600
Run: 4604  
ch 12 434 600
ch 13 434 600
ch 14 436 600
ch 15 432 600
Run: 4605  
ch 12 520 600
ch 13 520 600
ch 14 522 600
ch 15 518 600
Run: 4605  
ch 12 600 600
ch 13 602 600
ch 14 604 600
ch 15 604 600
Run: 4606  
ch 12 684 999
ch 13 686 999
ch 14 688 999
ch 15 684 900
Run: 4606  
ch 12 722 999
ch 13 722 999
ch 14 724 999
ch 15 722 900
Run: 4607  
ch 12 824 999
ch 13 824 999
ch 14 826 999
ch 15 824 900
Run: 4607  
ch 12 998 999
ch 13 1000 999
ch 14 1002 999
Run: 4608  
ch 12 150 150
ch 13 152 150
ch 14 154 150
ch 15 84 150
Run: 4608  
ch 12 150 150
ch 13 152 150
ch 14 154 150
ch 15 116 150
Run: 4609  
ch 12 150 150
ch 13 150 150
ch 14 152 150
ch 15 152 150
Run: 4609  
ch 12 150 150
ch 13 152 150
ch 14 154 150
ch 15 152 150
Run: 4610  
ch 12 234 300
ch 13 234 300
ch 14 236 300
ch 15 234 300
Run: 4610  
ch 12 296 300
ch 13 298 300
ch 14 300 300
ch 15 298 300
Run: 4611  
ch 12 302 300
ch 13 302 300
ch 14 304 300
ch 15 302 300
Run: 4611  
ch 12 302 300
ch 13 302 300
ch 14 304 300
ch 15 302 300
Run: 4612  
ch 12 382 600
ch 13 384 600
ch 14 386 600
ch 15 384 600
Run: 4612  
ch 12 434 600
ch 13 434 600
ch 14 434 600
ch 15 432 600
Run: 4613  
ch 12 526 600
ch 13 528 600
ch 14 528 600
ch 15 524 600
Run: 4613  
ch 12 600 600
ch 13 602 600
ch 14 604 600
ch 15 602 600
Run: 4614  
ch 12 686 999
ch 13 686 999
ch 14 686 999
ch 15 684 900
Run: 4614  
ch 12 722 999
ch 13 722 999
ch 14 724 999
ch 15 720 900
Run: 4616  
ch 12 150 150
ch 13 152 150
ch 14 154 150
ch 15 84 150
Run: 4616  
ch 12 150 150
ch 13 150 150
ch 14 154 150
ch 15 114 150
Run: 4617  
ch 12 150 150
ch 13 152 150
ch 14 154 150
ch 15 152 150
Run: 4617  
ch 12 150 150
ch 13 150 150
ch 14 154 150
ch 15 152 150
Run: 4618  
ch 12 236 300
ch 13 236 300
ch 14 238 300
ch 15 234 300
Run: 4618  
ch 12 276 300
ch 13 274 300
ch 14 278 300
ch 15 274 300
Run: 4619  
ch 12 300 300
ch 13 302 300
ch 14 304 300
ch 15 302 300
Run: 4619  
ch 12 302 300
ch 13 302 300
ch 14 304 300
ch 15 302 300
Run: 4620  
ch 12 386 600
ch 13 386 600
ch 14 386 600
ch 15 386 600
Run: 4620  
ch 12 438 600
ch 13 436 600
ch 14 436 600
ch 15 434 600
Run: 4621  
ch 12 520 600
ch 13 518 600
ch 14 520 600
ch 15 518 600
Run: 4621  
ch 12 600 600
ch 13 602 600
ch 14 604 600
ch 15 602 600
Run: 4622  
ch 12 686 999
ch 13 686 999
ch 14 688 999
ch 15 686 900
Run: 4622  
ch 12 724 999
ch 13 724 999
ch 14 724 999
ch 15 722 900
Run: 4623  
ch 12 838 999
ch 13 838 999
ch 14 838 999
ch 15 836 900
Run: 4623  
ch 12 998 999
ch 13 1000 999
ch 14 1002 999
Run: 4624  
ch 12 150 150
ch 13 150 150
ch 14 152 150
ch 15 82 150
Run: 4624  
ch 12 150 150
ch 13 152 150
ch 14 154 150
ch 15 114 150
Run: 4625  
ch 12 150 150
ch 13 150 150
ch 14 154 150
ch 15 152 150
Run: 4626  
ch 12 150 150
ch 13 152 150
ch 14 152 150
ch 15 152 150
Run: 4626  
ch 12 150 150
ch 13 152 150
ch 14 152 150
ch 15 152 150
Run: 4627  
ch 12 150 150
ch 13 150 150
ch 14 154 150
ch 15 152 150
Run: 4627  
ch 12 150 150
ch 13 150 150
ch 14 154 150
ch 15 152 150
Run: 4628  
ch 12 234 300
ch 13 234 300
ch 14 236 300
ch 15 232 300
Run: 4628  
ch 12 276 300
ch 13 276 300
ch 14 276 300
ch 15 276 300
Run: 4629  
ch 12 300 300
ch 13 300 300
ch 14 302 300
ch 15 304 300
Run: 4629  
ch 12 300 300
ch 13 302 300
ch 14 304 300
ch 15 302 300
Run: 4630  
ch 12 384 600
ch 13 384 600
ch 14 386 600
ch 15 384 600
Run: 4630  
ch 12 434 600
ch 13 434 600
ch 14 434 600
ch 15 432 600
Run: 4631  
ch 12 542 600
ch 13 542 600
ch 14 544 600
ch 15 542 600
Run: 4631  
ch 12 600 600
ch 13 602 600
ch 14 604 600
ch 15 602 600
Run: 4632  
ch 12 684 999
ch 13 686 999
ch 14 686 999
ch 15 684 800
Run: 4632  
ch 12 724 999
ch 13 724 999
ch 14 726 999
ch 15 724 800
Run: 4633  
ch 12 832 999
ch 13 832 999
ch 14 834 999
ch 15 802 800
Run: 4633  
ch 12 998 999
ch 13 1000 999
ch 14 1002 999
ch 15 802 800
Run: 4634  
ch 12 150 150
ch 13 150 150
ch 14 154 150
ch 15 152 150
Run: 4634  
ch 12 150 150
ch 13 150 150
ch 14 154 150
ch 15 152 150
Run: 4635  
ch 12 150 150
ch 13 150 150
ch 14 154 150
ch 15 154 150
Run: 4635  
ch 12 150 150
ch 13 152 150
ch 14 154 150
ch 15 152 150
Run: 4636  
ch 12 236 300
ch 13 236 300
ch 14 236 300
ch 15 234 300
Run: 4636  
ch 12 276 300
ch 13 276 300
ch 14 278 300
ch 15 274 300
Run: 4637  
ch 12 300 300
ch 13 302 300
ch 14 302 300
ch 15 302 300
Run: 4637  
ch 12 302 300
ch 13 302 300
ch 14 304 300
ch 15 302 300
Run: 4638  
ch 12 384 600
ch 13 384 600
ch 14 386 600
ch 15 382 600
Run: 4638  
ch 12 434 600
ch 13 434 600
ch 14 436 600
ch 15 432 600
Run: 4639  
ch 12 536 600
ch 13 538 600
ch 14 538 600
ch 15 536 600
Run: 4639  
ch 12 600 600
ch 13 602 600
ch 14 604 600
ch 15 602 600
Run: 4640  
ch 12 684 999
ch 13 684 999
ch 14 686 999
ch 15 684 800
Run: 4640  
ch 12 724 999
ch 13 726 999
ch 14 726 999
ch 15 724 800
Run: 4641  
ch 12 836 999
ch 13 836 999
ch 14 836 999
ch 15 802 800
Run: 4641  
ch 12 998 999
ch 13 1000 999
ch 14 1002 999
ch 15 802 800
Run: 4642  
ch 12 150 150
ch 13 150 150
ch 14 154 150
ch 15 152 150
Run: 4642  
ch 12 150 150
ch 13 150 150
ch 14 154 150
ch 15 152 150
Run: 4643  
ch 12 150 150
ch 13 152 150
ch 14 154 150
ch 15 152 150
Run: -1  
ch 12 150 150
ch 13 150 150
ch 14 154 150
ch 15 152 150
Run: 4644  
ch 12 998 999
ch 13 998 999
ch 14 1002 999
ch 15 802 800
Run: 4644  
ch 12 998 999
ch 13 1000 999
ch 14 1000 999
ch 15 802 800
Run: 4645  
ch 12 998 999
ch 13 998 999
ch 14 1002 999
ch 15 802 800
Run: 4645  
ch 12 998 999
ch 13 1000 999
ch 14 1002 999
ch 15 802 800
Run: 4646  
ch 12 998 999
ch 13 1000 999
ch 14 1002 999
ch 15 802 800
Run: 4646  
ch 12 998 999
ch 13 998 999
ch 14 1002 999
ch 15 802 800
Run: 4647  
ch 12 150 150
ch 13 152 150
ch 14 154 150
ch 15 152 150
Run: 4647  
ch 12 150 150
ch 13 150 150
ch 14 154 150
ch 15 154 150
Run: 4648  
ch 12 150 150
ch 13 152 150
ch 14 152 150
ch 15 152 150
Run: 4648  
ch 12 150 150
ch 13 152 150
ch 14 154 150
ch 15 152 150
Run: 4649  
ch 12 236 300
ch 13 236 300
ch 14 236 300
ch 15 234 300
Run: 4649  
ch 12 276 300
ch 13 276 300
ch 14 276 300
ch 15 274 300
Run: 4650  
ch 12 300 300
ch 13 302 300
ch 14 304 300
ch 15 302 300
Run: 4650  
ch 12 302 300
ch 13 302 300
ch 14 304 300
ch 15 302 300
Run: 4651  
ch 12 384 600
ch 13 384 600
ch 14 386 600
ch 15 384 600
Run: 4651  
ch 12 434 600
ch 13 434 600
ch 14 434 600
ch 15 432 600
Run: 4652  
ch 12 540 600
ch 13 542 600
ch 14 542 600
ch 15 540 600
Run: 4652  
ch 12 602 600
ch 13 602 600
ch 14 604 600
ch 15 602 600
Run: 4653  
ch 12 684 999
ch 13 684 999
ch 14 686 999
ch 15 684 800
Run: 4653  
ch 12 736 999
ch 13 736 999
ch 14 736 999
ch 15 736 800
Run: 0  
ch 12 998 999
ch 13 998 999
ch 14 1000 999
ch 15 804 800
Run: 4655  
ch 12 150 150
ch 13 152 150
ch 14 154 150
ch 15 152 150
Run: 4655  
ch 12 150 150
ch 13 150 150
ch 14 154 150
ch 15 152 150
Run: 4656  
ch 12 150 150
ch 13 150 150
ch 14 154 150
ch 15 152 150
Run: 4656  
ch 12 150 150
ch 13 152 150
ch 14 154 150
ch 15 152 150
Run: 4657  
ch 12 236 300
ch 13 234 300
ch 14 236 300
ch 15 234 300
Run: 4657  
ch 12 276 300
ch 13 276 300
ch 14 278 300
ch 15 274 300
Run: 4658  
ch 12 300 300
ch 13 302 300
ch 14 304 300
ch 15 302 300
Run: 4658  
ch 12 302 300
ch 13 302 300
ch 14 302 300
ch 15 302 300
Run: 4659  
ch 12 384 600
ch 13 384 600
ch 14 386 600
ch 15 384 600
Run: 4659  
ch 12 434 600
ch 13 434 600
ch 14 436 600
ch 15 432 600
Run: 4660  
ch 12 546 600
ch 13 548 600
ch 14 548 600
ch 15 546 600
Run: 4660  
ch 12 600 600
ch 13 602 600
ch 14 604 600
ch 15 604 600
Run: 4661  
ch 12 686 999
ch 13 686 999
ch 14 686 999
ch 15 682 800
Run: 4661  
ch 12 736 999
ch 13 734 999
ch 14 736 999
ch 15 734 800
Run: 4662  
ch 12 842 999
ch 13 842 999
ch 14 842 999
ch 15 802 800
Run: 4662  
ch 12 998 999
ch 13 998 999
ch 14 1002 999
ch 15 804 800
Run: 4663  
ch 12 150 150
ch 13 150 150
ch 14 152 150
ch 15 152 150
Run: 4663  
ch 12 150 150
ch 13 150 150
ch 14 154 150
ch 15 152 150
Run: 4664  
ch 12 150 150
ch 13 152 150
ch 14 154 150
ch 15 154 150
Run: 4664  
ch 12 150 150
ch 13 152 150
ch 14 154 150
ch 15 152 150
Run: 4665  
ch 12 234 300
ch 13 234 300
ch 14 236 300
ch 15 234 300
Run: 4665  
ch 12 274 300
ch 13 274 300
ch 14 276 300
ch 15 274 300
Run: 4666  
ch 12 302 300
ch 13 302 300
ch 14 304 300
ch 15 302 300
Run: 4666  
ch 12 300 300
ch 13 302 300
ch 14 304 300
ch 15 302 300
Run: 4667  
ch 12 384 600
ch 13 384 600
ch 14 386 600
ch 15 384 600
Run: 4667  
ch 12 434 600
ch 13 434 600
ch 14 436 600
ch 15 432 600
Run: 4668  
ch 12 540 600
ch 13 540 600
ch 14 540 600
ch 15 538 600
Run: 4668  
ch 12 600 600
ch 13 602 600
ch 14 604 600
ch 15 602 600
Run: 4669  
ch 12 708 999
ch 13 708 999
ch 14 708 999
ch 15 706 800
Run: 4669  
ch 12 760 999
ch 13 760 999
ch 14 762 999
ch 15 758 800
Run: 4670  
ch 12 880 999
ch 13 882 999
ch 14 882 999
ch 15 802 800
Run: 4670  
ch 12 998 999
ch 13 998 999
ch 14 1002 999
ch 15 802 800
Run: 4671  
ch 12 150 150
ch 13 150 150
ch 14 154 150
ch 15 152 150
Run: 4671  
ch 12 150 150
ch 13 152 150
ch 14 154 150
ch 15 152 150
Run: 4672  
ch 12 152 150
ch 13 152 150
ch 14 154 150
ch 15 152 150
Run: 4672  
ch 12 150 150
ch 13 152 150
ch 14 154 150
ch 15 152 150
Run: 4673  
ch 12 234 300
ch 13 234 300
ch 14 236 300
ch 15 234 300
Run: 4673  
ch 12 276 300
ch 13 274 300
ch 14 276 300
ch 15 274 300
Run: 4674  
ch 12 300 300
ch 13 302 300
ch 14 304 300
ch 15 302 300
Run: 4674  
ch 12 300 300
ch 13 302 300
ch 14 304 300
ch 15 302 300
Run: 4675  
ch 12 382 600
ch 13 382 600
ch 14 386 600
ch 15 384 600
Run: 4675  
ch 12 436 600
ch 13 436 600
ch 14 436 600
ch 15 434 600
Run: 4676  
ch 12 600 600
ch 13 602 600
ch 14 604 600
ch 15 602 600
Run: 4676  
ch 12 602 600
ch 13 602 600
ch 14 604 600
ch 15 604 600
Run: 4677  
ch 12 686 999
ch 13 686 999
ch 14 688 999
ch 15 684 800
Run: 4677  
ch 12 734 999
ch 13 734 999
ch 14 738 999
ch 15 734 800
Run: 4678  
ch 12 838 999
ch 13 838 999
ch 14 838 999
ch 15 802 800
Run: 4678  
Run: 4679  
ch 6 12 9
ch 12 10 9
ch 13 10 9
ch 15 10 9
Run: 4679  
ch 6 12 9
ch 12 10 9
ch 13 10 9
ch 15 12 9
Run: 4680  
ch 6 12 9
ch 12 10 9
ch 13 10 9
ch 15 10 9
Run: 4680  
ch 6 12 9
ch 12 10 9
ch 13 10 9
ch 15 10 9
Run: 4682  
ch 6 32 29
ch 12 10 9
ch 13 30 29
ch 15 10 9
Run: 4682  
ch 6 32 29
ch 12 10 9
ch 13 30 29
ch 15 10 9
Run: 0  
ch 6 104 100
ch 12 72 70
ch 13 72 70
ch 15 72 70
Run: 4686  
ch 6 104 100
ch 12 2 0
ch 13 102 100
ch 15 2 0
Run: 4686  
ch 6 104 100
ch 12 12 0
ch 13 102 100
ch 15 0 0
Run: 0  
ch 6 78 75
ch 12 76 75
ch 13 76 75
ch 15 76 75
Run: 4688  
ch 6 102 100
ch 12 102 100
ch 13 102 100
ch 15 102 100
Run: 4688  
ch 6 102 100
ch 12 152 150
ch 13 126 125
ch 15 152 150
Run: 0  
ch 6 102 100
ch 12 602 600
ch 13 204 200
ch 15 202 200
Run: 4690  
ch 6 102 100
ch 12 170 600
ch 13 202 200
ch 15 168 200
Run: 4690  
ch 6 102 100
ch 12 198 600
ch 13 202 200
ch 15 194 200
Run: 4691  
ch 6 102 100
ch 12 354 600
ch 13 202 200
ch 15 202 200
Run: 4691  
ch 6 102 100
ch 12 640 700
ch 13 202 200
ch 15 202 200
Run: 4692  
ch 6 102 100
ch 12 370 700
ch 13 202 200
ch 15 202 200
Run: 4692  
ch 6 102 100
ch 12 402 700
ch 13 202 200
ch 15 202 200
Run: 0  
ch 6 102 100
ch 12 702 700
ch 13 202 200
ch 15 242 240
Run: 4694  
ch 6 92 90
ch 12 602 600
ch 13 152 150
Run: 4694  
ch 6 10 100
ch 12 10 700
ch 13 28 200
ch 15 8 240
Run: 4695  
ch 6 102 100
ch 12 702 700
ch 13 202 200
ch 15 242 240
Run: 4695  
ch 6 102 100
ch 12 702 700
ch 13 202 200
ch 15 244 240
Run: 4696  
ch 6 82 80
ch 12 788 999
ch 13 130 125
Run: 4696  
ch 6 80 80
ch 12 822 999
ch 13 128 125
Run: 4698  
ch 6 202 200
ch 13 202 200
ch 15 242 240
Run: 4698  
ch 6 202 200
ch 13 202 200
ch 15 242 240
Run: 4699  
ch 6 202 200
ch 13 202 200
ch 15 242 240
Run: 4699  
ch 6 200 200
ch 13 200 200
ch 15 244 240
Run: 4700  
ch 6 202 200
ch 13 202 200
ch 15 242 240
Run: 4700  
ch 6 202 200
ch 13 202 200
ch 15 242 240
Run: 4701  
ch 6 102 100
ch 12 152 150
ch 13 202 200
ch 15 2 0
Run: 4701  
ch 6 102 100
ch 12 152 150
ch 13 202 200
ch 15 2 0
Run: 4702  
ch 6 102 100
ch 12 152 150
ch 13 202 200
ch 15 0 0
Run: 4703  
ch 6 102 100
ch 12 152 150
ch 13 202 200
ch 15 0 0
Run: 4703  
ch 6 102 100
ch 12 152 150
ch 13 202 200
ch 15 2 0
Run: 4704  
ch 6 102 100
ch 12 152 150
ch 13 202 200
ch 15 0 0
Run: 4704  
ch 6 102 100
ch 12 152 150
ch 13 202 200
ch 15 2 0
Run: 4705  
ch 6 102 100
ch 12 238 300
ch 13 176 175
ch 15 2 0
Run: 4705  
ch 6 102 100
ch 12 270 300
ch 13 176 175
ch 15 0 0
Run: 4706  
ch 6 102 100
ch 12 302 300
ch 13 176 175
ch 15 2 0
Run: 4706  
ch 6 102 100
ch 12 302 300
ch 13 176 175
ch 15 2 0
Run: 4707  
ch 6 92 90
ch 12 388 600
ch 13 152 150
ch 15 2 0
Run: 4707  
ch 6 92 90
ch 12 426 600
ch 13 152 150
ch 15 2 0
Run: 4708  
ch 6 92 90
ch 12 522 600
ch 13 152 150
ch 15 2 0
Run: 4708  
ch 6 92 90
ch 12 602 600
ch 13 152 150
ch 15 2 0
Run: 4709  
ch 6 82 80
ch 12 688 800
ch 13 126 125
ch 15 2 0
Run: 4709  
ch 6 82 80
ch 12 720 800
ch 13 126 125
ch 15 2 0
Run: 4710  
ch 6 82 80
ch 12 802 800
ch 13 128 125
ch 15 0 0
Run: 4710  
ch 6 82 80
ch 12 802 800
ch 13 128 125
ch 15 2 0
Run: 4711  
ch 6 72 70
ch 12 152 150
ch 13 102 100
ch 15 0 0
Run: 4711  
ch 6 72 70
ch 12 152 150
ch 13 102 100
ch 15 0 0
Run: 4712  
ch 6 72 70
ch 12 152 150
ch 13 102 100
ch 15 0 0
Run: 4712  
ch 6 72 70
ch 12 152 150
ch 13 102 100
ch 15 0 0
Run: 4713  
ch 6 62 60
ch 12 240 300
ch 13 76 75
ch 15 0 0
Run: 4713  
ch 6 62 60
ch 12 268 300
ch 13 76 75
ch 15 0 0
Run: 4714  
ch 6 62 60
ch 12 302 300
ch 13 76 75
ch 15 0 0
Run: 4714  
ch 6 62 60
ch 12 302 300
ch 13 76 75
ch 15 2 0
Run: 4715  
ch 6 52 50
ch 12 386 600
ch 13 52 50
ch 15 2 0
Run: 4715  
ch 6 54 50
ch 12 424 600
ch 13 52 50
ch 15 0 0
Run: 4716  
ch 6 52 50
ch 12 538 600
ch 13 52 50
ch 15 0 0
Run: 4716  
ch 6 52 50
ch 12 602 600
ch 13 52 50
ch 15 2 0
Run: -1  
ch 6 34 30
ch 12 152 150
ch 13 226 225
ch 15 2 0
Run: 4723  
ch 6 32 30
ch 12 152 150
ch 13 226 225
ch 15 2 0
Run: 4723  
ch 6 32 30
ch 12 152 150
ch 13 226 225
ch 15 0 0
Run: 4724  
ch 6 104 100
ch 12 152 150
ch 13 202 200
ch 15 0 0
Run: 4724  
ch 6 104 100
ch 12 152 150
ch 13 202 200
ch 15 2 0
Run: 4725  
ch 6 102 100
ch 12 152 150
ch 13 202 200
ch 15 0 0
Run: 4725  
ch 6 104 100
ch 12 152 150
ch 13 202 200
ch 15 0 0
Run: 4726  
ch 6 104 100
ch 12 240 300
ch 13 176 175
ch 15 2 0
Run: 4726  
ch 6 104 100
ch 12 272 300
ch 13 176 175
ch 15 2 0
Run: 4727  
ch 6 104 100
ch 12 302 300
ch 13 176 175
ch 15 2 0
Run: 4727  
ch 6 104 100
ch 12 302 300
ch 13 176 175
ch 15 0 0
Run: 4728  
ch 6 94 90
ch 12 386 600
ch 13 152 150
ch 15 0 0
Run: 4728  
ch 6 94 90
ch 12 424 600
ch 13 152 150
ch 15 2 0
Run: 4729  
ch 6 94 90
ch 12 542 600
ch 13 152 150
ch 15 0 0
Run: 4729  
ch 6 94 90
ch 12 602 600
ch 13 152 150
ch 15 0 0
Run: 4730  
ch 6 82 80
ch 12 690 800
ch 13 126 125
ch 15 0 0
Run: 4730  
ch 6 84 80
ch 12 724 800
ch 13 128 125
ch 15 2 0
Run: 4731  
ch 6 84 80
ch 12 802 800
ch 13 128 125
ch 15 2 0
Run: 4731  
ch 6 84 80
ch 12 800 800
ch 13 128 125
ch 15 2 0
Run: 4732  
ch 6 72 70
ch 12 152 150
ch 13 102 100
ch 15 2 0
Run: 4732  
ch 6 74 70
ch 12 152 150
ch 13 102 100
ch 15 0 0
Run: 4733  
ch 6 74 70
ch 12 152 150
ch 13 102 100
ch 15 0 0
Run: 4733  
ch 6 74 70
ch 12 152 150
ch 13 102 100
ch 15 0 0
Run: 4734  
ch 6 64 60
ch 12 238 300
ch 13 74 75
ch 15 2 0
Run: 4734  
ch 6 64 60
ch 12 272 300
ch 13 76 75
ch 15 2 0
Run: 4735  
ch 6 64 60
ch 12 302 300
ch 13 76 75
ch 15 2 0
Run: 4735  
ch 6 64 60
ch 12 300 300
ch 13 76 75
ch 15 0 0
Run: 4736  
ch 6 54 50
ch 12 386 600
ch 13 52 50
ch 15 0 0
Run: 4736  
ch 6 54 50
ch 12 424 600
ch 13 52 50
ch 15 2 0
Run: 4737  
ch 6 54 50
ch 12 538 600
ch 13 52 50
ch 15 0 0
Run: 4737  
ch 6 54 50
ch 12 602 600
ch 13 54 50
ch 15 2 0
Run: 4738  
ch 6 44 40
ch 12 686 800
ch 13 26 25
ch 15 2 0
Run: 4738  
ch 6 42 40
ch 12 720 800
ch 13 26 25
ch 15 2 0
Run: 4739  
ch 6 44 40
ch 12 802 800
ch 13 28 25
ch 15 2 0
Run: 4739  
ch 6 44 40
ch 12 802 800
ch 13 26 25
ch 15 2 0
Run: 4740  
ch 6 32 30
ch 12 152 150
ch 13 116 225
ch 15 2 0
Run: 4740  
ch 6 34 30
ch 12 152 150
ch 13 144 225
ch 15 2 0
Run: 4741  
ch 6 34 30
ch 12 152 150
ch 13 226 225
ch 15 2 0
Run: 4741  
ch 6 34 30
ch 12 152 150
ch 13 226 225
ch 15 2 0
Run: 4742  
ch 6 24 20
ch 12 238 300
ch 13 202 200
ch 15 0 0
Run: 4742  
ch 6 24 20
ch 12 270 300
ch 13 202 200
ch 15 0 0
Run: 4743  
ch 6 24 20
ch 12 302 300
ch 13 202 200
ch 15 2 0
Run: 4743  
ch 6 24 20
ch 12 302 300
ch 13 202 200
ch 15 2 0
Run: 4744  
ch 6 14 10
ch 12 386 600
ch 13 176 175
ch 15 0 0
Run: 4744  
ch 6 14 10
ch 12 424 600
ch 13 176 175
ch 15 2 0
Run: 4745  
ch 6 14 10
ch 12 540 600
ch 13 176 175
ch 15 2 0
Run: 4745  
ch 6 14 10
ch 12 602 600
ch 13 178 175
ch 15 2 0
Run: 4746  
ch 6 96 100
ch 12 686 800
ch 13 154 150
ch 15 2 0
Run: 4746  
ch 6 104 100
ch 12 722 800
ch 13 152 150
ch 15 2 0
Run: 4747  
ch 6 104 100
ch 12 802 800
ch 13 154 150
ch 15 2 0
Run: 4747  
ch 6 104 100
ch 12 802 800
ch 13 154 150
ch 15 2 0
Run: 4748  
ch 6 94 90
ch 12 152 150
ch 13 126 125
ch 15 0 0
Run: 4748  
ch 6 94 90
ch 12 152 150
ch 13 126 125
ch 15 0 0
Run: 4749  
ch 6 94 90
ch 12 152 150
ch 13 126 125
ch 15 0 0
Run: 4749  
ch 6 94 90
ch 12 152 150
ch 13 126 125
ch 15 2 0
Run: 4750  
ch 6 84 80
ch 12 240 300
ch 13 102 100
ch 15 2 0
Run: 4750  
ch 6 84 80
ch 12 270 300
ch 13 102 100
ch 15 0 0
Run: 4751  
ch 6 84 80
ch 12 302 300
ch 13 102 100
ch 15 2 0
Run: 4751  
ch 6 84 80
ch 12 302 300
ch 13 102 100
ch 15 2 0
Run: 4752  
ch 6 74 70
ch 12 386 600
ch 13 76 75
ch 15 0 0
Run: 4752  
ch 6 74 70
ch 12 424 600
ch 13 76 75
ch 15 0 0
Run: 4753  
ch 6 74 70
ch 12 540 600
ch 13 76 75
ch 15 2 0
Run: 4753  
ch 6 74 70
ch 12 602 600
ch 13 76 75
ch 15 0 0
Run: 4754  
ch 6 64 60
ch 12 688 800
ch 13 52 50
ch 15 0 0
Run: 4754  
ch 6 64 60
ch 12 720 800
ch 13 54 50
ch 15 0 0
Run: 4755  
ch 6 64 60
ch 12 802 800
ch 13 54 50
ch 15 2 0
Run: 4755  
ch 6 64 60
ch 12 802 800
ch 13 54 50
ch 15 2 0
Run: 4756  
ch 6 54 50
ch 12 152 150
ch 13 26 25
ch 15 2 0
Run: 4756  
ch 6 54 50
ch 12 152 150
ch 13 26 25
ch 15 2 0
Run: 4757  
ch 6 54 50
ch 12 152 150
ch 13 26 25
ch 15 0 0
Run: -1  
ch 6 72 125
ch 12 126 125
ch 13 44 125
ch 15 18 125
Run: 4758  
ch 6 128 125
ch 12 126 125
ch 13 126 125
ch 15 126 125
Run: 4758  
ch 6 128 125
ch 12 126 125
ch 13 126 125
ch 15 126 125
Run: 4759  
ch 6 128 125
ch 12 126 125
ch 13 126 125
ch 15 126 125
Run: 4759  
ch 6 128 125
ch 12 126 125
ch 13 126 125
ch 15 126 125
Run: 4760  
ch 6 128 125
ch 12 126 125
ch 13 128 125
ch 15 126 125
Run: 4760  
ch 6 128 125
ch 12 126 125
ch 13 128 125
ch 15 126 125
Run: 4761  
ch 6 128 125
ch 12 128 125
ch 13 128 125
ch 15 126 125
Run: 4761  
ch 6 128 125
ch 12 126 125
ch 13 128 125
ch 15 128 125
Run: 4761  
ch 6 128 125
ch 12 128 125
ch 13 130 125
ch 15 128 125
Run: 4761  
ch 6 128 125
ch 12 128 125
ch 13 128 125
ch 15 126 125
Run: 4761  
ch 6 130 125
ch 12 128 125
ch 13 130 125
ch 15 128 125
Run: 4761  
ch 6 128 125
ch 12 130 125
ch 13 128 125
ch 15 126 125
Run: 4761  
ch 6 128 125
ch 12 126 125
ch 13 128 125
ch 15 128 125
Run: 4761  
ch 6 128 125
ch 12 128 125
ch 13 130 125
ch 15 128 125
Run: 4761  
ch 6 128 125
ch 12 128 125
ch 13 128 125
ch 15 126 125
Run: 4761  
ch 6 128 125
ch 12 128 125
ch 13 128 125
ch 15 126 125
Run: 4766  
ch 6 8 5
ch 12 6 5
ch 13 8 5
ch 15 6 5
Run: 4766  
ch 6 8 5
ch 12 6 5
ch 13 8 5
ch 15 6 5
Run: 4767  
ch 6 8 5
ch 12 6 5
ch 13 8 5
ch 15 6 5
Run: 4767  
ch 6 8 5
ch 12 6 5
ch 13 8 5
ch 15 6 5
Run: 4768  
ch 6 8 5
ch 12 6 5
ch 13 8 5
ch 15 6 5
Run: 4768  
ch 6 8 5
ch 12 6 5
ch 13 6 5
ch 15 6 5
Run: 4769  
ch 6 8 5
ch 12 6 5
ch 13 6 5
ch 15 6 5
Run: 4769  
ch 6 8 5
ch 12 6 5
ch 13 6 5
ch 15 4 5
Run: 4770  
ch 6 8 5
ch 12 6 5
ch 13 6 5
ch 15 6 5
Run: -1  
ch 6 8 5
ch 12 6 5
ch 13 6 5
ch 15 6 5
Run: 4771  
ch 6 8 5
ch 12 6 5
ch 13 6 5
ch 15 6 5
Run: 4772  
ch 7 204 200
ch 13 4 5
ch 14 402 400
Run: 4772  
ch 7 204 200
ch 13 4 5
ch 14 400 400
Run: 4773  
ch 6 14 10
ch 7 12 10
ch 12 6 5
ch 13 12 10
ch 14 400 400
Run: -1  
ch 6 14 10
ch 7 12 10
ch 12 6 5
ch 13 12 10
ch 14 402 400
Run: 4774  
ch 6 14 10
ch 7 12 10
ch 12 6 5
ch 13 12 10
ch 14 400 400
Run: 4774  
ch 6 14 10
ch 7 14 10
ch 12 6 5
ch 13 12 10
ch 14 400 400
Run: 4775  
ch 6 14 10
ch 7 12 10
ch 12 6 5
ch 13 10 10
ch 14 400 400
Run: 4775  
ch 6 24 100
ch 7 20 100
ch 12 18 20
ch 13 24 50
ch 14 402 400
Run: 4776  
ch 6 104 100
ch 7 102 100
ch 12 22 20
ch 13 52 50
ch 14 402 400
Run: 4776  
ch 6 104 100
ch 7 102 100
ch 12 22 20
ch 13 52 50
ch 14 402 400
Run: 4777  
ch 6 104 100
ch 7 102 100
ch 12 22 20
ch 13 52 50
ch 14 402 400
Run: 4777  
ch 6 104 100
ch 7 102 100
ch 12 22 20
ch 13 52 50
ch 14 402 400
Run: 4778  
ch 6 106 100
ch 7 104 100
ch 12 22 20
ch 13 52 50
ch 14 400 400
Run: 4778  
ch 6 106 100
ch 7 104 100
ch 12 22 20
ch 13 52 50
ch 14 402 400
Run: 4779  
ch 6 106 100
ch 7 102 100
ch 12 22 20
ch 13 52 50
ch 14 400 400
Run: 4779  
ch 6 106 100
ch 7 104 100
ch 12 22 20
ch 13 52 50
ch 14 400 400
Run: 4780  
ch 6 104 100
ch 7 104 100
ch 12 24 20
ch 13 52 50
ch 14 400 400
Run: 4780  
ch 6 106 100
ch 7 104 100
ch 12 22 20
ch 13 52 50
ch 14 400 400
Run: 4781  
ch 6 16 10
ch 7 104 100
ch 12 104 100
ch 14 102 100
Run: 4781  
ch 6 16 10
ch 7 104 100
ch 12 102 100
ch 14 102 100
Run: 4782  
ch 6 14 10
ch 7 104 100
ch 12 104 100
ch 14 102 100
Run: 4782  
ch 6 16 10
ch 7 104 100
ch 12 102 100
ch 14 102 100
Run: 4783  
ch 6 16 10
ch 7 104 100
ch 12 102 100
ch 14 102 100
Run: 4783  
ch 6 14 10
ch 7 358 600
ch 12 362 600
ch 14 358 600
Run: 4784  
ch 6 100 100
ch 7 154 150
ch 12 154 150
ch 14 152 150
Run: 4784  
ch 6 106 100
ch 7 154 150
ch 12 152 150
ch 14 152 150
Run: 4785  
ch 6 106 100
ch 7 154 150
ch 12 152 150
ch 14 152 150
Run: 4785  
ch 6 106 100
ch 7 154 150
ch 12 152 150
ch 14 152 150
Run: 4786  
ch 6 86 80
ch 7 236 300
ch 12 238 300
ch 14 236 300
Run: 4786  
ch 6 86 80
ch 7 266 300
ch 12 270 300
ch 14 266 300
Run: 4787  
ch 6 86 80
ch 7 304 300
ch 12 304 300
ch 14 302 300
Run: 4787  
ch 6 86 80
ch 7 304 300
ch 12 302 300
ch 14 302 300
Run: 4788  
ch 6 66 60
ch 7 386 600
ch 12 388 600
ch 14 386 450
Run: 4788  
ch 6 66 60
ch 7 424 600
ch 12 426 600
ch 14 424 450
Run: 4789  
ch 6 66 60
ch 7 538 600
ch 12 540 600
ch 14 450 450
Run: 4789  
ch 6 66 60
ch 7 604 600
ch 12 604 600
ch 14 450 450
Run: 4790  
ch 6 46 40
ch 7 686 999
ch 12 690 800
ch 14 52 50
Run: 4790  
ch 6 46 40
ch 7 720 999
ch 12 722 800
ch 14 52 50
Run: 4791  
ch 6 46 40
ch 7 802 999
ch 12 802 800
ch 14 52 50
Run: 4791  
ch 6 46 40
ch 7 1002 999
ch 14 52 50
Run: 4792  
ch 6 24 20
ch 7 154 150
ch 12 86 150
ch 14 134 150
Run: 4792  
ch 6 24 20
ch 7 154 150
ch 12 114 150
ch 14 150 150
Run: 4793  
ch 6 26 20
ch 7 154 150
ch 12 152 150
ch 14 152 150
Run: 4793  
ch 6 24 20
ch 7 154 150
ch 12 152 150
ch 14 152 150
Run: 4794  
ch 6 106 100
ch 7 236 300
ch 12 240 300
ch 14 236 300
Run: 4794  
ch 6 106 100
ch 7 268 300
ch 12 270 300
ch 14 268 300
Run: 4795  
ch 6 106 100
ch 7 304 300
ch 12 304 300
ch 14 302 300
Run: 4795  
ch 6 104 100
ch 7 304 300
ch 12 304 300
ch 14 302 300
Run: 4796  
ch 6 84 80
ch 7 386 600
ch 12 388 600
ch 14 384 450
Run: 4796  
ch 6 84 80
ch 7 422 600
ch 12 426 600
ch 14 422 450
Run: 4797  
ch 6 84 80
ch 7 536 600
ch 12 540 600
ch 14 450 450
Run: 4797  
ch 6 84 80
ch 7 604 600
ch 12 604 600
ch 14 452 450
Run: 4798  
ch 6 64 60
ch 7 686 999
ch 12 690 800
ch 14 52 50
Run: 4798  
ch 6 64 60
ch 7 720 999
ch 12 724 800
ch 14 52 50
Run: 4799  
ch 6 64 60
ch 7 820 999
ch 14 52 50
Run: -1  
ch 6 64 60
ch 7 1000 999
ch 14 52 50
Run: 4800  
ch 6 104 100
ch 7 302 300
ch 12 82 150
ch 14 134 150
Run: 4800  
ch 6 104 100
ch 7 302 300
ch 12 112 150
ch 14 152 150
Run: 4801  
ch 6 104 100
ch 7 302 300
ch 12 154 150
ch 14 152 150
Run: 4801  
ch 6 104 100
ch 7 302 300
ch 12 154 150
ch 14 152 150
Run: -1  
ch 6 84 80
ch 7 302 300
ch 12 302 300
ch 14 302 300
Run: 4803  
ch 6 84 80
ch 7 302 300
ch 12 302 300
ch 14 302 300
Run: 4803  
ch 6 84 80
ch 7 302 300
ch 12 302 300
ch 14 302 300
Run: -1  
ch 6 64 60
ch 7 602 600
ch 12 604 600
ch 14 452 450
Run: 4805  
ch 6 104 100
ch 7 302 300
ch 12 154 150
ch 14 152 150
Run: 4805  
ch 6 104 100
ch 7 302 300
ch 12 152 150
ch 14 152 150
Run: 4806  
ch 6 104 100
ch 7 302 300
ch 12 154 150
ch 14 152 150
Run: 4806  
ch 6 104 100
ch 7 302 300
ch 12 154 150
ch 14 152 150
Run: 4807  
ch 6 84 80
ch 7 302 300
ch 12 238 300
ch 14 236 300
Run: 4807  
ch 6 84 80
ch 7 302 300
ch 12 272 300
ch 14 270 300
Run: 4808  
ch 6 84 80
ch 7 302 300
ch 12 302 300
ch 14 302 300
Run: 4808  
ch 6 84 80
ch 7 302 300
ch 12 302 300
ch 14 302 300
Run: 4809  
ch 6 64 60
ch 7 386 600
ch 12 390 600
ch 14 386 450
Run: 4809  
ch 6 64 60
ch 7 422 600
ch 12 426 600
ch 14 424 450
Run: 4810  
ch 6 64 60
ch 7 538 600
ch 12 542 600
ch 14 450 450
Run: 4810  
ch 6 64 60
ch 7 602 600
ch 12 604 600
ch 14 452 450
Run: 4811  
ch 6 44 40
ch 7 602 600
ch 12 604 600
ch 14 52 50
Run: 4811  
ch 6 44 40
ch 7 604 600
ch 12 602 600
ch 14 52 50
Run: 4812  
ch 6 44 40
ch 7 602 600
ch 12 604 600
ch 14 54 50
Run: 4812  
ch 6 44 40
ch 7 604 600
ch 12 604 600
ch 14 52 50
Run: 4813  
ch 6 24 20
ch 7 302 300
ch 12 154 150
ch 14 134 150
Run: 4813  
ch 6 24 20
ch 7 302 300
ch 12 154 150
ch 14 152 150
Run: 4814  
ch 6 24 20
ch 7 302 300
ch 12 154 150
ch 14 152 150
Run: 4814  
ch 6 24 20
ch 7 302 300
ch 12 154 150
ch 14 152 150
Run: 4815  
ch 6 104 100
ch 7 304 300
ch 12 238 300
ch 14 234 300
Run: 4815  
ch 6 104 100
ch 7 302 300
ch 12 270 300
ch 14 266 300
Run: 4816  
ch 6 104 100
ch 7 302 300
ch 12 302 300
ch 14 302 300
Run: 4816  
ch 6 104 100
ch 7 304 300
ch 12 304 300
ch 14 302 300
Run: 4817  
ch 6 84 80
ch 7 386 600
ch 12 388 600
ch 14 384 450
Run: 4817  
ch 6 84 80
ch 7 424 600
ch 12 426 600
ch 14 422 450
Run: 4818  
ch 6 84 80
ch 7 534 600
ch 12 538 600
ch 14 450 450
Run: 4818  
ch 6 84 80
ch 7 604 600
ch 12 604 600
ch 14 452 450
Run: 4819  
ch 6 64 60
ch 7 604 600
ch 12 602 600
ch 14 52 50
Run: 4819  
ch 6 64 60
ch 7 602 600
ch 12 604 600
ch 14 52 50
Run: 4820  
ch 6 64 60
ch 7 602 600
ch 12 604 600
ch 14 52 50
Run: 4820  
ch 6 64 60
ch 7 604 600
ch 12 604 600
ch 14 52 50
Run: 4821  
ch 6 46 40
ch 7 304 300
ch 12 154 150
ch 14 136 150
Run: 4821  
ch 6 46 40
ch 7 304 300
ch 12 152 150
ch 14 152 150
Run: 4822  
ch 6 44 40
ch 7 302 300
ch 12 152 150
ch 14 152 150
Run: 4822  
ch 6 44 40
ch 7 304 300
ch 12 154 150
ch 14 150 150
Run: 4823  
ch 6 24 20
ch 7 304 300
ch 12 250 300
ch 14 248 300
Run: 4823  
ch 6 26 20
ch 7 304 300
ch 12 282 300
ch 14 280 300
Run: 4824  
ch 6 24 20
ch 7 304 300
ch 12 304 300
ch 14 302 300
Run: 4824  
ch 6 24 20
ch 7 304 300
ch 12 304 300
ch 14 302 300
Run: 4825  
ch 6 106 100
ch 7 386 600
ch 12 388 600
ch 14 384 450
Run: 4825  
ch 6 106 100
ch 7 422 600
ch 12 426 600
ch 14 422 450
Run: 4826  
ch 6 104 100
ch 7 504 600
ch 12 508 600
ch 14 450 450
Run: 4826  
ch 6 106 100
ch 7 604 600
ch 12 604 600
ch 14 452 450
Run: 4827  
ch 6 84 80
ch 7 604 600
ch 12 604 600
ch 14 52 50
Run: 4827  
ch 6 84 80
ch 7 604 600
ch 12 602 600
ch 14 52 50
Run: 4828  
ch 6 84 80
ch 7 604 600
ch 12 604 600
ch 14 52 50
Run: 4828  
ch 6 84 80
ch 7 604 600
ch 12 604 600
ch 14 52 50
Run: 4829  
ch 6 64 60
ch 7 302 300
ch 12 154 150
ch 14 136 150
Run: 4829  
ch 6 66 60
ch 7 304 300
ch 12 152 150
ch 14 152 150
Run: 4830  
ch 6 66 60
ch 7 304 300
ch 12 152 150
ch 14 152 150
Run: 4830  
ch 6 66 60
ch 7 304 300
ch 12 154 150
ch 14 152 150
Run: 4831  
ch 6 44 40
ch 7 302 300
ch 12 240 300
ch 14 236 300
Run: 4831  
ch 6 44 40
ch 7 304 300
ch 12 272 300
ch 14 268 300
Run: 4832  
ch 6 44 40
ch 7 304 300
ch 12 304 300
ch 14 300 300
Run: 4832  
ch 6 44 40
ch 7 304 300
ch 12 304 300
ch 14 302 300
Run: 4833  
ch 6 24 20
ch 7 386 600
ch 12 390 600
ch 14 384 450
Run: 4833  
ch 6 26 20
ch 7 424 600
ch 12 428 600
ch 14 424 450
Run: 4834  
ch 6 26 20
ch 7 506 600
ch 12 508 600
ch 14 452 450
Run: 4834  
ch 6 26 20
ch 7 604 600
ch 12 604 600
ch 14 450 450
Run: 4835  
ch 6 106 100
ch 7 604 600
ch 12 602 600
ch 14 52 50
Run: 4835  
ch 6 106 100
ch 7 606 600
ch 12 604 600
ch 14 52 50
Run: 4836  
ch 6 106 100
ch 7 604 600
ch 12 604 600
ch 14 52 50
Run: 4836  
ch 6 106 100
ch 7 604 600
ch 12 602 600
ch 14 54 50
Run: 4837  
ch 6 86 80
ch 7 302 300
ch 12 154 150
ch 14 134 150
Run: 4837  
ch 6 84 80
ch 7 304 300
ch 12 154 150
ch 14 152 150
Run: 4838  
ch 6 86 80
ch 7 304 300
ch 12 154 150
ch 14 152 150
Run: 4838  
ch 6 86 80
ch 7 304 300
ch 12 152 150
ch 14 152 150
Run: 4839  
ch 6 66 60
ch 7 304 300
ch 12 240 300
ch 14 236 300
Run: 4839  
ch 6 64 60
ch 7 304 300
ch 12 272 300
ch 14 266 300
Run: 4840  
ch 6 66 60
ch 7 304 300
ch 12 302 300
ch 14 302 300
Run: 4840  
ch 6 66 60
ch 7 304 300
ch 12 304 300
ch 14 302 300
Run: 4841  
ch 6 46 40
ch 7 386 600
ch 12 388 600
ch 14 384 450
Run: 4841  
ch 6 46 40
ch 7 426 600
ch 12 426 600
ch 14 424 450
Run: 4842  
ch 6 46 40
ch 7 540 600
ch 12 544 600
ch 14 452 450
Run: 4842  
ch 6 46 40
ch 7 606 600
ch 12 604 600
ch 14 450 450
Run: 4843  
ch 6 26 20
ch 7 604 600
ch 12 604 600
ch 14 52 50
Run: 4843  
ch 6 26 20
ch 7 604 600
ch 12 604 600
ch 14 52 50
Run: 4844  
ch 6 26 20
ch 7 604 600
ch 12 604 600
ch 14 52 50
Run: 4844  
ch 6 26 20
ch 7 604 600
ch 12 604 600
ch 14 52 50
Run: 4845  
ch 6 106 100
ch 7 304 300
ch 12 154 150
ch 14 134 150
Run: 4845  
ch 6 106 100
ch 7 304 300
ch 12 154 150
ch 14 152 150
Run: 4846  
ch 6 106 100
ch 7 304 300
ch 12 154 150
ch 14 150 150
Run: 4846  
ch 6 106 100
ch 7 304 300
ch 12 154 150
ch 14 152 150
Run: 4847  
ch 6 86 80
ch 7 304 300
ch 12 240 300
ch 14 236 300
Run: 4847  
ch 6 86 80
ch 7 304 300
ch 12 270 300
ch 14 268 300
Run: 4848  
ch 6 86 80
ch 7 304 300
ch 12 302 300
ch 14 302 300
Run: 4848  
ch 6 86 80
ch 7 304 300
ch 12 304 300
ch 14 302 300
Run: 4849  
ch 6 66 60
ch 7 386 600
ch 12 386 600
ch 14 384 450
Run: 4849  
ch 6 66 60
ch 7 426 600
ch 12 428 600
ch 14 424 450
Run: 4850  
ch 6 66 60
ch 7 540 600
ch 12 542 600
ch 14 450 450
Run: 4850  
ch 6 66 60
ch 7 606 600
ch 12 604 600
ch 14 452 450
Run: 4851  
ch 6 46 40
ch 7 604 600
ch 12 604 600
ch 14 52 50
Run: 4851  
ch 6 46 40
ch 7 604 600
ch 12 604 600
ch 14 52 50
Run: 4852  
ch 6 46 40
ch 7 606 600
ch 12 604 600
ch 14 52 50
Run: 4852  
ch 6 46 40
ch 7 606 600
ch 12 604 600
ch 14 54 50
Run: 4853  
ch 6 26 20
ch 7 304 300
ch 12 154 150
ch 14 142 150
Run: 4853  
ch 6 26 20
ch 7 304 300
ch 12 154 150
ch 14 152 150
Run: 4854  
ch 6 26 20
ch 7 304 300
ch 12 154 150
ch 14 152 150
Run: 4854  
ch 6 26 20
ch 7 304 300
ch 12 154 150
ch 14 152 150
Run: 4855  
ch 6 106 100
ch 7 304 300
ch 12 240 300
ch 14 236 300
Run: 4855  
ch 6 106 100
ch 7 304 300
ch 12 270 300
ch 14 268 300
Run: 4856  
ch 6 106 100
ch 7 304 300
ch 12 304 300
ch 14 302 300
Run: 4856  
ch 6 106 100
ch 7 304 300
ch 12 302 300
ch 14 302 300
Run: 4857  
ch 6 86 80
ch 7 386 600
ch 12 388 600
ch 14 384 450
Run: 4857  
ch 6 86 80
ch 7 424 600
ch 12 426 600
ch 14 422 450
Run: 4858  
ch 6 86 80
ch 7 540 600
ch 12 542 600
ch 14 452 450
Run: 4858  
ch 6 86 80
ch 7 604 600
ch 12 604 600
ch 14 452 450
Run: 4859  
ch 6 66 60
ch 7 604 600
ch 12 604 600
ch 14 52 50
Run: 4859  
ch 6 66 60
ch 7 606 600
ch 12 602 600
ch 14 52 50
Run: 4860  
ch 6 66 60
ch 7 606 600
ch 12 604 600
ch 14 52 50
Run: 4860  
ch 6 66 60
ch 7 604 600
ch 12 604 600
ch 14 52 50
Run: 4861  
ch 6 46 40
ch 7 304 300
ch 12 154 150
ch 14 136 150
Run: 4861  
ch 6 46 40
ch 7 304 300
ch 12 152 150
ch 14 152 150
Run: 4862  
ch 6 46 40
ch 7 304 300
ch 12 152 150
ch 14 152 150
Run: 4862  
ch 6 46 40
ch 7 306 300
ch 12 154 150
ch 14 152 150
Run: 4863  
ch 6 26 20
ch 7 304 300
ch 12 240 300
ch 14 236 300
Run: 4863  
ch 6 26 20
ch 7 304 300
ch 12 272 300
ch 14 268 300
Run: 4864  
ch 6 26 20
ch 7 304 300
ch 12 304 300
ch 14 302 300
Run: 4864  
ch 6 28 20
ch 7 304 300
ch 12 304 300
ch 14 302 300
Run: 4865  
ch 6 106 100
ch 7 394 600
ch 12 394 600
ch 14 392 450
Run: 4865  
ch 6 108 100
ch 7 432 600
ch 12 434 600
ch 14 432 450
Run: 4866  
ch 6 106 100
ch 7 536 600
ch 12 536 600
ch 14 452 450
Run: -1  
