1 FZ200P_06_MSSD_1_n_3e14 152.8 4337
1 FZ200P_06_MSSD_1_n_3e14 152.8 4347
1 FZ200P_06_MSSD_1_n_3e14 152.8 4377
1 FZ200P_06_MSSD_1_n_3e14 153.0 4336
1 FZ200P_06_MSSD_1_n_3e14 153.5 4346
1 FZ200P_06_MSSD_1_n_3e14 153.0 4357
1 FZ200P_06_MSSD_1_n_3e14 153.5 4366
1 FZ200P_06_MSSD_1_n_3e14 153.0 4367
1 FZ200P_06_MSSD_1_n_3e14 153.5 4376
1 FZ200P_06_MSSD_1_n_3e14 154.0 4356
1 FZ200P_06_MSSD_1_n_3e14 223.5 4348
1 FZ200P_06_MSSD_1_n_3e14 224.0 4368
1 FZ200P_06_MSSD_1_n_3e14 228.7 4378
1 FZ200P_06_MSSD_1_n_3e14 229.0 4358
1 FZ200P_06_MSSD_1_n_3e14 232.5 4338
1 FZ200P_06_MSSD_1_n_3e14 302.8 4349
1 FZ200P_06_MSSD_1_n_3e14 302.7 4369
1 FZ200P_06_MSSD_1_n_3e14 302.8 4379
1 FZ200P_06_MSSD_1_n_3e14 303.2 4339
1 FZ200P_06_MSSD_1_n_3e14 303.1 4359
1 FZ200P_06_MSSD_1_n_3e14 373.3 4370
1 FZ200P_06_MSSD_1_n_3e14 374.0 4380
1 FZ200P_06_MSSD_1_n_3e14 375.0 4360
1 FZ200P_06_MSSD_1_n_3e14 377.0 4350
1 FZ200P_06_MSSD_1_n_3e14 387.3 4340
1 FZ200P_06_MSSD_1_n_3e14 546.8 4361
1 FZ200P_06_MSSD_1_n_3e14 547.8 4351
1 FZ200P_06_MSSD_1_n_3e14 547.2 4371
1 FZ200P_06_MSSD_1_n_3e14 547.2 4381
1 FZ200P_06_MSSD_1_n_3e14 553.2 4341
1 FZ200P_06_MSSD_1_n_3e14 603.2 4342
1 FZ200P_06_MSSD_1_n_3e14 603.4 4343
1 FZ200P_06_MSSD_1_n_3e14 603.6 4352
1 FZ200P_06_MSSD_1_n_3e14 603.5 4353
1 FZ200P_06_MSSD_1_n_3e14 603.3 4363
1 FZ200P_06_MSSD_1_n_3e14 603.5 4373
1 FZ200P_06_MSSD_1_n_3e14 603.6 4382
1 FZ200P_06_MSSD_1_n_3e14 603.4 4383
1 FZ200P_06_MSSD_1_n_3e14 604.0 4362
1 FZ200P_06_MSSD_1_n_3e14 604.0 4372
1 FZ200P_06_MSSD_1_n_3e14 680.0 4344
1 FZ200P_06_MSSD_1_n_3e14 682.0 4364
1 FZ200P_06_MSSD_1_n_3e14 682.0 4374
1 FZ200P_06_MSSD_1_n_3e14 684.5 4354
1 FZ200P_06_MSSD_1_n_3e14 684.0 4384
1 FZ200P_06_MSSD_1_n_3e14 786.2 4385
1 FZ200P_06_MSSD_1_n_3e14 976.6 4365
1 FZ200P_06_MSSD_1_n_3e14 979.3 4345
1 FZ200P_06_MSSD_1_n_3e14 982.0 4375
1 FZ200P_06_MSSD_1_n_3e14 983.2 4355
