0 FZ320N_08_MSSD_2_n_4e14 150.0 4336
0 FZ320N_08_MSSD_2_n_4e14 150.0 4337
0 FZ320N_08_MSSD_2_n_4e14 150.0 4346
0 FZ320N_08_MSSD_2_n_4e14 150.0 4347
0 FZ320N_08_MSSD_2_n_4e14 150.0 4356
0 FZ320N_08_MSSD_2_n_4e14 150.0 4357
0 FZ320N_08_MSSD_2_n_4e14 150.0 4366
0 FZ320N_08_MSSD_2_n_4e14 150.1 4367
0 FZ320N_08_MSSD_2_n_4e14 150.0 4376
0 FZ320N_08_MSSD_2_n_4e14 150.3 4377
0 FZ320N_08_MSSD_2_n_4e14 222.0 4348
0 FZ320N_08_MSSD_2_n_4e14 224.0 4368
0 FZ320N_08_MSSD_2_n_4e14 228.5 4358
0 FZ320N_08_MSSD_2_n_4e14 228.7 4378
0 FZ320N_08_MSSD_2_n_4e14 232.0 4338
0 FZ320N_08_MSSD_2_n_4e14 300.1 4339
0 FZ320N_08_MSSD_2_n_4e14 300.1 4349
0 FZ320N_08_MSSD_2_n_4e14 300.5 4359
0 FZ320N_08_MSSD_2_n_4e14 301.1 4369
0 FZ320N_08_MSSD_2_n_4e14 301.7 4379
0 FZ320N_08_MSSD_2_n_4e14 373.3 4370
0 FZ320N_08_MSSD_2_n_4e14 374.5 4360
0 FZ320N_08_MSSD_2_n_4e14 376.5 4350
0 FZ320N_08_MSSD_2_n_4e14 376.0 4380
0 FZ320N_08_MSSD_2_n_4e14 385.3 4340
0 FZ320N_08_MSSD_2_n_4e14 600.8 4342
0 FZ320N_08_MSSD_2_n_4e14 600.8 4343
0 FZ320N_08_MSSD_2_n_4e14 601.6 4352
0 FZ320N_08_MSSD_2_n_4e14 601.0 4353
0 FZ320N_08_MSSD_2_n_4e14 601.2 4362
0 FZ320N_08_MSSD_2_n_4e14 601.7 4363
0 FZ320N_08_MSSD_2_n_4e14 601.7 4373
0 FZ320N_08_MSSD_2_n_4e14 601.6 4382
0 FZ320N_08_MSSD_2_n_4e14 601.9 4383
0 FZ320N_08_MSSD_2_n_4e14 602.0 4372
0 FZ320N_08_MSSD_2_n_4e14 624.8 4371
0 FZ320N_08_MSSD_2_n_4e14 625.1 4361
0 FZ320N_08_MSSD_2_n_4e14 625.8 4381
0 FZ320N_08_MSSD_2_n_4e14 629.5 4351
0 FZ320N_08_MSSD_2_n_4e14 644.6 4341
0 FZ320N_08_MSSD_2_n_4e14 680.5 4344
0 FZ320N_08_MSSD_2_n_4e14 683.0 4364
0 FZ320N_08_MSSD_2_n_4e14 684.0 4374
0 FZ320N_08_MSSD_2_n_4e14 685.0 4354
0 FZ320N_08_MSSD_2_n_4e14 685.5 4384
0 FZ320N_08_MSSD_2_n_4e14 796.7 4385
0 FZ320N_08_MSSD_2_n_4e14 976.0 4365
0 FZ320N_08_MSSD_2_n_4e14 977.6 4345
0 FZ320N_08_MSSD_2_n_4e14 981.6 4355
0 FZ320N_08_MSSD_2_n_4e14 981.2 4375
