 523  40.5954
 525  40.4856
 530  40.3614
 534  40.6798
 537  41.0734
 542  39.8818
 556  39.9301
 558  39.7881
 560  39.8161
 562  40.2942
 564  39.8981
 566  39.8188
 569  39.9049
 571  39.8477
 573  40.4451
 575  39.9096
 578  39.7987
 580  40.1319
 582  39.9156
 584  39.8166
 586  39.8646
 588  39.9822
 591  39.8359
 593  39.8216
 596  39.9026
 599  39.8111
 603  39.8231
 609  39.8202
 612  40.1203
 615  39.9110
 617  39.7344
 620  40.0206
 622  39.7429
 624  39.7442
 626  39.8942
 628  39.8860
 630  39.8483
 631  39.9997
 633  39.5870
 634  39.8814
 638  40.4913
 640  40.3909
 643  39.8017
 644  39.8528
 646  39.9422
 658  40.8899
 661  40.3766
 670  41.1643
 673  40.8545
 675  40.5789
 678  39.4741
 679  40.6515
 682  40.7018
 684  40.5770
 685  40.6717
 688  40.7391
 690  40.7889
 692  40.7244
 694  40.5782
 696  40.5013
 698  40.6287
 705  39.6199
 707  39.6987
 709  39.4686
 711  38.9819
 715  39.4200
 719  39.5147
 722  39.5519
 727  39.5853
 729  39.5508
 732  39.5678
 734  39.5684
 736  39.7859
 738  39.6064
 740  39.3670
 742  39.6148
 745  39.7443
 747  39.5434
 749  39.8531
 750  39.6820
 752  39.7059
 778  37.7538
 781  37.4064
 783  37.6334
 784  37.5676
 787  37.6056
 789  37.4524
 823  37.6308
 825  37.7109
 830  38.3564
 832  37.4804
 834  37.7101
 836  37.8272
 838  37.5227
 840  37.5019
 842  37.6853
 844  37.6054
 846  37.4862
 848  37.7561
 850  37.4525
 853  37.6094
 855  37.5528
 857  37.6009
 860  37.4705
 877  37.9755
 934  37.3267
 935  37.7491
 938  37.4568
 940  37.5318
 945  37.5580
 947  37.5146
 949  37.7557
 951  37.3503
 953  37.5005
 955  37.6743
 957  37.7559
 959  37.6302
 961  37.6816
 963  37.6150
 965  37.4946
 971  37.4218
 972  37.5544
 974  37.7626
 976  37.5141
 978  37.4171
 980  38.0715
 982  37.5806
 984  37.6423
 986  37.4078
 988  37.5954
 991  37.5374
 993  37.6217
 995  37.5247
 997  37.6481
 999  37.5778
1177  33.0422
1180  33.0896
1181  33.0844
1183  33.2184
1184  33.1392
1187  32.9919
1188  33.0539
1190  32.9372
1191  40.1979
1193  40.0904
1197  40.0208
1198  40.1365
1199  40.1329
1201  40.0334
1202  39.9533
1203  40.0465
1204  40.0478
1205  40.1460
1206  39.9147
1208  40.0757
1210  40.0219
1211  39.9061
1212  40.0128
1213  40.0796
1214  40.0147
1215  40.1364
1216  39.9847
1217  39.9888
1218  39.7822
1220  40.0361
1221  39.9380
1223  39.9338
1225  39.9385
1248  39.9776
1249  39.9361
1251  40.1251
1252  40.0634
1253  40.1573
1254  40.2299
1255  40.1147
1256  40.1010
1257  40.0568
1258  39.9050
1259  40.2203
1260  40.0286
1264  39.9444
1266  39.9192
1267  39.9878
1268  39.9638
1270  40.0660
1271  39.9719
1272  40.1462
1274  40.0852
1275  39.9333
1302  39.5886
1303  39.6399
1304  39.7225
1305  39.7001
1306  39.8825
1307  40.0865
1309  39.8904
1310  39.9674
1313  39.8088
1314  39.9457
1315  39.7858
1316  39.9646
1318  39.8669
1319  39.8651
1320  39.8985
1322  39.8985
1323  39.8207
1324  39.8266
1326  39.8606
1328  39.8765
1329  39.9725
1330  39.9210
1331  39.8913
1332  39.7029
1333  39.8289
1334  39.7899
1336  39.7042
1337  39.6166
1339  39.7465
1340  39.9269
1385  38.9256
1387  39.5919
1389  39.4650
1390  39.1078
1394  39.1886
1395  39.2748
1396  39.2638
1397  39.1587
1398  39.1889
1399  39.2076
1400  39.1389
1401  39.1249
1402  39.1257
1403  39.0908
1404  39.2070
1405  38.9845
1406  39.1702
1407  39.0521
1408  39.1828
1409  39.0211
1410  38.9873
1411  39.0537
1412  39.0319
1413  39.0799
1414  38.9748
1415  39.2266
1416  39.0487
1417  38.9944
1418  39.3210
1420  39.0875
1421  39.0832
1422  39.1327
1423  39.0776
1480  39.1484
1481  39.1493
1482  39.1005
2111  39.2204
2112  39.5346
2113  39.3646
2115  39.0846
2116  39.2737
2117  39.4794
2122  39.4188
2124  39.5484
2125  39.5108
2127  39.5102
2128  39.4618
2129  39.6291
2133  39.6509
2134  39.3070
2137  39.2606
2138  39.4409
2139  39.3089
2142  39.4884
2144  39.4107
2145  39.5562
2149  39.4637
2150  39.3021
2167  39.4169
2168  39.5967
2220  39.2852
2221  39.1742
2222  39.1811
2223  39.4399
2225  39.4579
2226  39.6415
2227  39.7065
2228  39.5905
2229  39.7258
2230  39.7541
2231  39.6342
2233  39.6612
2234  39.6357
2235  39.5922
2237  39.6445
2238  39.6142
2239  39.7015
2240  39.6262
2241  39.6609
2242  39.5990
2243  39.6195
2244  39.6619
2245  39.6332
2249  39.6892
2251  39.5810
2252  39.6623
2253  39.6632
2254  39.5657
2255  39.6810
2256  39.6258
2257  39.6731
2258  39.6808
2259  39.7041
2261  39.5909
2262  39.6110
2263  39.5873
2264  39.7220
2265  39.5454
2266  39.5797
2268  39.5322
2269  39.5647
2270  39.6667
2271  39.6013
2272  39.5143
2273  39.4830
2274  39.5673
2275  39.5353
2276  39.6122
2278  39.5442
2279  39.5698
2280  39.5827
2281  39.5427
2282  39.5486
2283  39.4943
2284  39.5925
2285  39.5170
2287  39.5770
2288  39.5749
2289  39.5999
2290  39.5496
2291  39.6021
2292  39.6193
2293  39.6266
2294  39.5409
2295  39.6202
2296  39.5962
2297  39.8004
2335  39.7326
2338  39.7069
2339  39.8258
2341  39.7349
2342  39.8566
2343  39.8149
2344  39.7396
2345  39.8397
2346  39.6712
2347  39.8801
2348  39.7894
2349  39.7378
2350  39.7854
2351  39.9337
2352  39.9297
2353  39.7806
2354  39.9197
2355  39.9322
2356  39.8193
2357  39.8289
2358  39.7542
2359  39.7732
2360  39.7835
2361  39.8326
2362  39.7062
2364  39.8084
2365  39.8505
2366  39.8871
2367  39.7181
2368  39.8188
2369  39.7611
2370  39.8254
2449  39.7075
2450  39.6992
2451  39.7342
2452  39.5953
2453  39.7301
2455  39.7929
2456  39.6011
2457  39.7146
2458  39.6728
2459  39.7356
2460  39.6438
2461  39.7455
2464  39.7588
2465  39.6814
2466  39.6494
2467  39.6326
2468  39.7334
2469  39.6090
2470  39.6802
2471  39.7817
2472  39.6464
2474  39.7769
2475  39.6810
2476  39.7277
2477  39.7521
2478  39.8999
2479  39.8378
2480  39.8527
2481  39.7585
2482  39.8227
2483  39.8850
2484  39.7379
2485  39.7211
2486  39.8247
2487  39.7561
2488  39.8524
2489  39.7653
2490  39.7992
2491  39.6866
2494  39.8532
2495  39.7493
2496  39.4512
2497  39.1976
2498  38.6281
2499  38.3152
2500  38.1885
2501  37.8567
2502  38.0883
2676  39.7616
2677  39.6930
2678  39.6772
2680  39.6745
2681  39.9039
2682  39.7594
2683  39.7550
2685  39.8202
2686  39.7066
2687  39.6237
2688  39.6250
2689  39.5877
2690  39.6770
2691  39.8356
2692  39.6821
2693  39.7255
2694  39.7053
2696  39.7401
2697  39.7206
2829  39.6611
2836  39.5965
2841  39.8732
2846  39.7857
2847  39.9257
2848  39.6647
2851  39.6965
2854  40.1325
2858  39.8039
2861  39.7114
2865  39.8988
2866  39.7424
2867  39.6470
2869  39.6701
2872  39.6662
2880  39.7722
3623  32.9680
3625  32.9671
3626  33.0112
3627  32.9445
3628  33.0061
3629  33.0467
3630  33.1745
3631  33.0892
3632  33.1371
3633  33.0170
3634  33.0706
3635  33.0511
3636  33.5069
3637  33.4096
3638  33.8367
3648  33.4097
3649  33.8887
3650  34.0677
3651  34.0800
3652  33.7753
3653  33.0443
3654  33.1404
3655  33.0489
3660  33.1683
3661  33.0503
3662  33.1932
3663  32.9663
3664  33.1481
3665  33.0450
3666  33.0267
3667  33.1508
3668  33.0760
3670  32.9152
3671  33.0431
3672  32.9594
3673  33.1372
3674  32.9002
3675  32.9767
3676  32.8977
3683  33.0269
3685  32.9929
3686  32.9792
3687  33.0318
3688  33.0037
3689  33.0471
3690  33.0931
3691  33.2348
3692  33.1358
3696  33.0612
3697  33.1088
3698  33.1267
3699  33.3196
3706  33.2364
3707  33.3485
3708  33.3606
3709  33.2114
3710  33.2201
3712  33.2169
3713  33.2424
3714  33.2308
3715  33.2941
3716  33.2915
3717  33.2356
3719  33.3071
3720  33.0504
3721  33.0284
3722  33.1545
3723  33.1805
3724  33.1127
3725  33.1666
3726  33.5522
3727  33.4289
3728  33.5856
3729  33.6869
3730  33.5967
3731  33.5595
3733  33.8178
3735  33.8915
3736  33.9976
3737  34.0286
3747  33.2296
3748  33.2340
3749  33.1891
3750  33.1265
3751  33.1253
3752  33.1362
3753  33.3705
3754  33.5709
3755  33.6244
3756  34.1589
3757  33.9553
3758  34.4403
3759  34.0369
3761  34.1532
3766  33.2340
3767  33.1589
3768  33.3377
3769  33.1828
3770  33.0841
3771  33.1351
3772  32.9042
3773  32.9664
3774  32.9382
3778  33.7662
3782  33.7100
3783  34.0407
3784  33.3358
3785  33.5133
3786  33.4391
3787  33.2942
3790  33.1508
3791  33.2489
3792  33.1046
3794  33.1764
3795  33.1338
3796  32.9699
3799  33.1989
3800  33.3637
3801  33.2689
3802  33.1162
3803  33.2027
3804  33.2037
3805  32.9856
3806  32.9831
3807  33.0137
3815  33.3849
3816  33.1867
3817  33.2129
3818  33.5923
3819  33.5883
3820  33.6203
3821  33.8449
3822  33.6232
3823  34.0547
3825  33.3216
3826  33.2567
3827  33.3461
3828  33.3789
3829  33.0550
3830  33.1589
3831  32.8782
3832  33.1296
3833  33.0023
3834  32.9202
3835  33.2190
3837  33.2354
3838  33.3208
3839  33.2627
3841  33.3282
3842  33.3187
3843  33.2829
3844  33.6642
3845  33.7994
3846  33.6377
3847  34.3603
3849  33.9295
3850  33.9195
3851  33.9216
3852  34.0629
3855  33.2284
3856  33.2341
3857  33.1604
3858  33.1729
3859  33.2469
3860  33.0145
3861  33.0316
3862  32.9358
3863  33.2841
3864  33.0813
3867  33.2336
3868  33.2379
3869  33.2893
3870  33.1440
3871  33.0115
3872  33.0988
3873  33.7234
3874  33.4876
3875  33.6136
3876  33.7927
3877  33.7721
3878  33.8550
3879  33.9128
3882  33.4368
3883  33.2657
3884  33.2790
3885  33.1971
3886  33.1939
3887  33.2084
3888  32.9747
3889  33.0473
3890  32.9785
3894  33.3668
3895  33.3576
3896  33.3562
3897  33.2577
3898  33.2964
3899  33.2878
3900  33.2179
3901  33.3495
3902  33.4992
3903  33.4421
3912  33.4487
3913  33.7330
3914  33.8517
3915  33.8627
3918  33.2019
3919  33.2426
3920  33.0945
3921  33.1624
3922  33.1788
3923  32.9616
3924  33.0801
3925  33.0552
3926  33.0184
3927  33.4011
3928  33.2558
3932  33.4271
3933  33.2833
3934  33.1898
3935  33.2689
3936  33.5624
3937  33.4793
3938  33.5891
3939  34.0079
3940  33.8705
3941  34.0143
3943  33.3123
3944  33.1999
3945  33.1784
3946  33.0751
3947  33.0124
3950  33.1464
3951  32.9300
3952  33.0332
3953  32.9678
3954  34.2375
3988  37.5580
3989  37.2459
3992  35.9871
3993  26.9790
3995  37.4401
3996  37.4526
3997  37.4232
3998  37.3779
3999  37.4230
4000  39.8984
4001  39.7788
4002  39.9964
4003  38.4937
4004  38.3469
4006  37.2050
4008  40.2122
4010  40.1739
4012  39.9194
4014  40.2764
4015  40.2081
4017  40.2376
4018  40.2079
4019  40.2589
4027  40.2081
4029  40.0373
4051  40.2449
4053  39.9459
4055  40.0579
4057  40.0826
4059  40.2057
4061  40.1440
4063  40.1343
4065  40.1313
4067  40.2738
4071  39.2255
4076  38.9361
4089  38.3377
4093  38.2670
4095  38.5162
4097  38.4629
4099  38.5284
4101  38.4203
4103  38.3898
4105  38.3339
4119  40.2242
4120  40.2161
4122  40.3311
4124  40.3107
4126  40.3080
4128  40.2718
4130  40.2916
4132  40.4330
4134  40.2246
4136  40.3992
4138  40.4577
4140  40.2445
4142  40.4290
4144  40.3193
4146  40.4442
4148  40.3637
4150  40.4358
4152  40.2777
4154  40.2794
4156  40.3151
4158  40.3446
4160  40.4134
4162  40.3818
4164  40.3638
4166  40.4501
4168  40.3751
4196  40.0341
4198  40.0809
4200  40.2042
4202  40.1667
4204  39.8897
4206  39.9788
4208  40.1176
4211  40.2254
4213  40.1427
4215  39.9761
4217  39.9543
4219  39.9923
4221  39.9019
4223  39.8913
4225  40.1716
4227  40.1105
4229  39.5053
4230  39.2274
4231  39.1392
4243  39.7016
4246  39.9744
4247  40.0867
4248  39.8828
4250  40.0017
4252  40.0954
4254  40.1260
4258  39.8177
4260  39.8827
4262  40.0146
4264  40.1454
4266  40.1725
4268  39.7689
4270  40.0289
4279  40.1130
4281  40.0961
4290  40.0562
4293  39.7276
4295  40.0047
4297  39.9668
4299  40.1831
4301  40.0333
4303  40.2161
4306  40.0125
4307  39.9935
4308  39.7912
4310  39.8750
4312  39.9546
4314  39.9665
4316  40.0344
4318  40.1415
4320  39.9973
4324  40.0511
4326  40.0138
4328  40.1447
4330  40.1272
4332  39.6610
4337  40.0433
4339  40.0694
4341  40.1364
4343  40.0993
4345  40.1513
4347  40.1644
4349  40.2854
4351  40.0027
4353  40.1264
4355  40.1777
4357  40.0741
4359  40.1609
4361  40.2808
4363  40.0544
4365  39.9362
4367  40.0158
4369  40.1073
4371  40.1557
4373  39.9840
4375  40.0508
4377  40.0994
4379  40.0285
4381  40.3403
4383  40.1394
4451  40.0443
4453  39.9683
4455  40.1327
4461  40.1535
4463  40.1821
4465  40.1382
4467  40.1484
4469  40.1534
4471  40.1452
4473  40.1749
4475  40.0609
4477  40.1800
4479  40.1452
4481  40.2153
4483  40.1132
4485  40.0849
4487  40.0661
4489  40.1053
4491  40.1927
4493  40.0990
4513  40.1283
4515  40.0693
4517  40.1966
4519  40.0550
4521  40.1381
4523  39.9393
4525  40.1127
4527  40.0443
4529  40.0635
4531  40.1681
4533  40.0022
4535  40.0737
4537  39.9959
4539  40.0412
4541  39.9678
4543  40.0479
4545  40.0233
4547  40.0799
4549  40.0818
4551  40.0756
4553  40.0589
4555  40.0521
4557  40.0593
4559  40.0561
4561  40.0007
4563  40.0457
4565  40.0520
4567  40.0844
4569  40.0913
4571  40.0284
4573  32.2348
4575  40.0678
4577  40.1214
4588  39.8471
4589  40.2907
4591  39.9588
4593  40.1607
4595  40.1281
4597  40.1628
4599  40.1192
4601  40.0673
4603  40.1752
4605  40.2373
4607  40.2253
4609  40.2854
4611  40.2206
4613  40.1457
4617  40.1123
4619  40.1061
4621  40.1902
4623  40.1011
4625  40.3211
4627  40.0652
4629  40.0989
4631  40.1356
4633  40.1512
4635  40.1588
4637  40.0702
4639  40.1107
4641  40.0794
4643  40.1685
4648  40.1870
4650  40.1375
4652  40.1166
4656  40.1132
4658  40.3302
4660  40.1227
4662  40.1707
4664  40.0869
4666  40.3385
4668  40.1152
4670  40.1886
4672  40.1584
4674  40.1844
4676  40.2200
4678  40.1099
4695  40.2424
4702  40.1865
4704  40.3637
4706  40.1735
4712  40.1300
4714  40.2025
4716  40.1989
4725  40.2497
4727  40.1722
4733  40.1109
4735  40.1837
4737  40.1861
4739  40.1614
4741  40.2636
4743  40.2703
4745  40.2180
4751  40.1721
4753  40.1602
4755  40.2703
4774  39.4649
4775  39.5357
4776  39.4432
4778  40.3135
4780  39.9794
4781  40.0756
4783  40.0855
4785  40.1276
4787  40.1910
4789  40.0784
4791  40.3001
4793  40.2715
4795  40.2454
4797  40.1604
4799  40.2013
4801  40.2072
4803  40.2041
4806  40.2428
4808  40.1634
4810  40.2119
4812  40.2126
4814  40.1656
4816  40.1797
4818  40.2407
4820  40.2338
4822  40.0971
4824  40.1989
4826  40.2326
4828  40.1754
4830  40.2805
4832  40.1608
4834  40.1016
4836  40.1454
4838  40.2197
4840  40.1735
4842  40.2653
4844  40.2590
4846  40.2046
4848  40.1020
4850  40.2209
4852  40.1745
4854  40.2102
4856  40.3153
4858  40.1809
4860  40.2181
4862  40.1802
4864  40.3061
4866  40.1832
4873  37.9840
4926  39.4459
4927  36.3589
4928  39.7077
4929  39.4806
4930  39.6893
4931  34.5985
4935  39.6988
4937  39.6882
4939  39.8659
4941  39.9594
4943  39.6106
4947  39.9597
4949  39.8054
4951  39.8255
4956  39.8860
4957  39.7260
4958  40.1376
4959  39.6230
4962  39.9201
4964  39.7565
4966  39.9123
4968  39.8293
4970  40.2318
4972  39.7948
4974  39.8057
4976  39.8116
4980  40.0874
4988  39.9087
4990  39.9670
4992  39.7847
4994  39.7774
4996  39.6511
4998  39.7180
5000  39.8270
5002  39.7839
5004  39.6687
5006  39.7570
5008  39.7390
5010  39.8578
5020  39.1937
5022  39.1205
5024  39.1143
5032  39.8557
5034  39.7201
5036  39.7238
5038  39.9489
5047  40.1123
5049  39.9970
5051  40.1689
5053  40.1206
5057  39.6676
5063  38.9236
5065  39.4594
5067  39.4973
5069  40.0680
5071  40.2960
5073  40.0600
5075  40.1840
5077  40.0567
5082  39.9001
5084  40.0173
5086  40.0182
5090  40.3474
5092  39.9444
5094  40.2202
5096  40.0853
5098  40.1752
5100  39.9108
5102  40.0767
5104  40.0281
5106  40.5433
5108  40.3479
5110  39.9793
5112  40.1075
5114  40.0994
5116  40.1090
5118  40.0911
5125  40.1489
5127  40.2953
5129  40.4069
5131  39.9974
5133  39.9904
5135  39.9844
5160  39.9624
5162  40.0064
5164  39.9567
5166  40.1531
5168  40.0676
5170  39.8918
5172  39.9493
5174  39.9686
5176  40.0239
5178  40.1690
5180  40.3030
5182  40.1188
5184  40.1355
5186  40.1148
5188  40.3080
5190  40.3410
5192  40.1716
5194  40.2504
5196  40.1289
5198  40.2363
5200  40.1097
5202  40.3231
5204  40.3660
5206  40.1878
5208  40.2666
5210  40.1110
5212  40.2442
5214  40.1366
5216  40.1887
5218  40.2776
5220  40.0926
5222  40.0767
5224  40.1552
5226  40.2545
5228  40.1245
5232  38.7769
5237  39.7190
5239  40.0018
5241  40.0235
5243  40.0684
5245  40.0722
5247  40.0393
5249  40.1167
5254  40.0058
5256  40.1489
5258  40.1603
5260  40.2589
5262  40.1218
5264  40.3324
5266  40.0370
5268  40.1373
5270  40.3643
5272  40.3548
5274  40.2248
5276  40.2897
5278  40.2533
5280  40.1767
5282  40.1541
5284  40.1641
5286  40.1187
5289  40.1052
5293  40.1902
5295  40.1453
5297  40.1205
5299  40.2850
5301  40.1563
5303  40.1557
5305  40.2295
5307  40.3138
5309  40.2721
5311  40.1110
5313  39.9938
5315  40.2778
5317  40.2092
5319  40.2020
5321  40.3184
5323  39.9864
5325  39.9532
5327  40.0582
5329  39.8161
5331  40.0819
5333  40.0951
5337  40.2107
5339  40.1416
5341  40.2576
5343  40.1278
5345  40.0921
5347  40.1477
5349  40.1204
5351  40.0974
5353  40.2725
5355  40.1857
5357  40.2437
5359  40.1043
5361  40.2737
5365  40.0513
5367  40.1231
5369  40.1672
5371  40.0955
5373  40.0972
5375  40.2034
5377  40.2450
5379  40.0431
5381  40.2216
5383  40.0684
5385  40.0634
5387  40.0443
5389  40.1409
5450  36.9632
5455  36.8912
5456  36.9712
5457  37.1221
5458  37.1638
5459  37.2578
5460  37.1488
5461  37.2608
5462  37.2285
5463  37.0680
5464  37.1037
5465  37.2567
5466  37.1445
5468  37.3205
5469  37.2407
5470  37.0848
5472  37.0774
5473  37.0434
5474  36.8087
5475  37.0646
5476  36.8828
5477  37.2280
5479  37.3514
5480  37.0751
5481  37.1442
5484  37.2552
5486  37.2065
5488  37.2210
5490  36.9898
5492  36.9952
5496  37.0913
5500  37.0527
5502  37.6069
5504  37.2889
5530  37.2785
5537  37.2371
5541  37.1918
5543  37.5711
5545  37.4711
5547  36.9231
5549  36.9666
5551  37.5700
5554  37.4814
5556  37.2708
5558  36.9237
5560  36.8824
5562  36.9595
5564  37.0799
5566  37.2129
5568  36.9216
5570  37.0148
5572  36.8223
5574  37.1198
5576  37.1604
5578  36.8705
5580  36.8549
5582  36.2512
5584  36.5364
5591  37.0280
5593  36.5918
5595  36.7289
5597  36.4333
5599  36.4809
5601  36.5337
5603  36.5688
5608  36.4492
5609  36.3743
5610  36.5766
5614  36.3696
5616  36.3285
5622  36.3749
5624  36.2627
5626  37.0003
5628  37.0934
5630  36.9349
5632  36.9198
5634  37.0838
5636  37.0764
5638  36.8755
5640  36.9531
5642  36.9700
5644  36.9837
5646  37.0163
5648  36.8851
5650  36.5895
5652  36.5887
5675  34.3299
5677  36.5608
5679  36.5359
5681  36.6645
5683  36.4653
5685  36.6648
5687  36.6050
5689  36.4622
5691  36.5516
5695  36.4853
5697  36.5140
5699  36.6163
5701  36.6454
5703  36.7183
5705  36.4888
5716  37.0141
5719  37.2438
5727  37.2473
5728  37.1749
5729  37.2413
5731  37.2508
5733  37.1552
5735  37.2546
5737  37.2896
5739  37.1696
5741  37.5117
5743  37.2992
5745  37.3428
5747  37.3297
5749  37.3133
5751  37.2659
5753  38.0339
5755  37.2698
5757  37.2214
5759  37.1674
5761  37.3466
5763  37.3124
5765  37.3529
5767  37.6007
5769  37.6043
5771  37.5811
5773  37.5944
5775  37.6472
5777  37.6475
5779  37.7392
5781  37.4270
5783  37.5726
5786  37.6233
5788  37.7200
5790  37.5405
5792  37.6328
5794  37.6131
5796  37.7572
5798  37.6619
5801  37.6216
5803  37.5457
5805  37.5643
5807  37.5313
5809  37.5178
5811  37.4820
5813  37.5439
5815  37.5181
5830  36.6547
5832  36.6190
5834  36.7221
5836  36.6206
5838  36.4675
5840  36.4854
5842  36.4882
5844  36.5947
5846  36.6585
5848  36.6892
5850  36.6048
5852  36.6377
5861  36.6335
5863  36.6994
5865  36.8138
5867  36.8544
5869  36.8345
5871  36.5940
5873  36.5279
5875  36.5364
5877  36.4975
5879  36.5374
5881  36.5517
5883  36.6115
5885  36.7086
5887  37.1812
5889  37.1851
5891  36.7849
5892  36.9843
5894  36.9679
5896  36.9826
5897  36.8948
