#DETNAME	FLUENCE	ANNEALING	CALIBRATION FACTOR
#03 2011
FZ120N_02_MSSD_1_075V   0   0	700
FZ120N_02_MSSD_1_125V   0   0	700
FZ120N_02_MSSD_1_175V   0   0	700
FZ200N_01_MSSD_1_100V   0   0	651
FZ200N_01_MSSD_1_175V   0   0	651
FZ200N_01_MSSD_1_250V   0   0	651
FZ200P_04_MSSD_1_100V   0   0	651
FZ200P_04_MSSD_1_175V   0   0	651
FZ200P_04_MSSD_1_250V   0   0	651
FZ200Y_02_MSSD_2_100V   0   0	651
FZ200Y_02_MSSD_2_175V   0   0	651
FZ200Y_02_MSSD_2_250V   0   0	651
FZ320N_08_MSSD_1_100V   0   0	727
FZ320N_08_MSSD_1_150V   0   0	727
FZ320N_08_MSSD_1_200V   0   0	727
FZ320N_08_MSSD_1_250V   0   0	727
FZ320N_08_MSSD_1_300V   0   0	727
FZ320P_01_MSSD_1_100V   0   0	727
FZ320P_01_MSSD_1_150V   0   0	727
FZ320P_01_MSSD_1_200V   0   0	727
FZ320P_01_MSSD_1_250V   0   0	727
FZ320P_01_MSSD_1_300V   0   0	727
FZ320Y_04_MSSD_2_275V   0   0	727
#09 2011
FZ200P_04_MSSD_1_050V   0   0	550
FZ200P_04_MSSD_1_101V   0   0	550
FZ200P_04_MSSD_1_151V   0   0	550
FZ200P_04_MSSD_1_201V   0   0	550
FZ200P_04_MSSD_1_251V   0   0	550
FZ200P_04_MSSD_1_301V   0   0	550
FZ200P_04_MSSD_1_600V   0   0	550
FZ200P_04_MSSD_1_800V   0   0	550
FZ200P_06_MSSD_1_300V   4e+14   0	550
FZ200P_06_MSSD_1_430V   4e+14   0	550
FZ200P_06_MSSD_1_550V   4e+14   0	550
FZ200P_06_MSSD_1_600V   4e+14   0	550
FZ200P_06_MSSD_1_680V   4e+14   0	550
FZ200P_06_MSSD_1_800V   4e+14   0	550
FZ200P_06_MSSD_1_999V   4e+14   0	550
FZ200P_06_MSSD_2_150V   3e+14   0	550
FZ200P_06_MSSD_2_300V   3e+14   0	550
FZ200P_06_MSSD_2_600V   3e+14   0	550
FZ200P_06_MSSD_2_999V   3e+14   0	550
FZ200Y_02_MSSD_2_150V   3e+14   0	550
FZ200Y_02_MSSD_2_300V   3e+14   0	550
FZ200Y_02_MSSD_2_600V   3e+14   0	550
FZ200Y_02_MSSD_2_800V   3e+14   0	550
FZ200Y_10_MSSD_2_150V   3e+14   0	550
FZ200Y_10_MSSD_2_300V   3e+14   0	550
FZ200Y_10_MSSD_2_600V   3e+14   0	550
FZ320N_04_MSSD_1_101V   0   0	510
FZ320N_04_MSSD_1_151V   0   0	510
FZ320N_04_MSSD_1_201V   0   0	510
FZ320N_04_MSSD_1_251V   0   0	510
FZ320N_04_MSSD_1_301V   0   0	510
FZ320N_04_MSSD_1_600V   0   0	510
FZ320N_04_MSSD_1_800V   0   0	510
FZ320N_08_MSSD_2_300V   4e+14   0	510
FZ320N_08_MSSD_2_350V   4e+14   0	510
FZ320N_08_MSSD_2_450V   4e+14   0	510
FZ320N_08_MSSD_2_550V   4e+14   0	510
FZ320N_08_MSSD_2_600V   4e+14   0	510
FZ320N_08_MSSD_2_625V   4e+14   0	510
FZ320N_08_MSSD_2_730V   4e+14   0	510
FZ320N_08_MSSD_2_999V   4e+14   0	510
FZ320P_04_MSSD_2_300V   4e+14   0	510
FZ320P_04_MSSD_2_600V   4e+14   0	510
FZ320P_04_MSSD_2_680V   4e+14   0	510
FZ320P_04_MSSD_2_800V   4e+14   0	510
MCZ200P_07_MSSD_2_150V   3e+14   0	510
MCZ200P_07_MSSD_2_300V   3e+14   0	510
#05 2012
FZ200N_04_MSSD_2_300V   1.5e+15   0	640
FZ200N_04_MSSD_2_400V   1.5e+15   0	640
FZ200N_04_MSSD_2_550V   1.5e+15   0	640
FZ200P_01_MSSD_2_300V   1.5e+15   0	640
FZ200P_01_MSSD_2_450V   1.5e+15   0	640
FZ200P_01_MSSD_2_600V   1.5e+15   0	640
FZ200P_04_MSSD_1_200V   0   0	640
FZ200P_04_MSSD_1_300V   0   0	640
FZ200Y_06_MSSD_1_300V   1.5e+15   0	640
FZ200Y_06_MSSD_1_450V   1.5e+15   0	640
FZ320N_04_MSSD_1_200V   0   0	510
FZ320N_04_MSSD_1_250V   0   0	510
FZ320N_04_MSSD_1_300V   0   0	510
FZ320N_04_MSSD_1_310V   0   0	510
FZ320N_05_MSSD_1_200V   1.5e+15   0	510
FZ320P_02_MSSD_2_200V   1.5e+15   0	510
FZ320P_02_MSSD_2_300V   1.5e+15   0	510
FZ320P_02_MSSD_2_400V   1.5e+15   0	510
FZ320P_02_MSSD_2_600V   1.5e+15   0	510
FZ320Y_05_MSSD_1_200V   1.5e+15   0	510
FZ320Y_05_MSSD_1_300V   1.5e+15   0	510
FZ320Y_05_MSSD_1_400V   1.5e+15   0	510
FZ320Y_05_MSSD_1_550V   1.5e+15   0	510
MCZ200N_02_MSSD_2_150V   0   0	727
MCZ200N_02_MSSD_2_200V   0   0	727
MCZ200N_02_MSSD_2_250V   0   0	727
MCZ200N_02_MSSD_2_300V   0   0	727
MCZ200N_04_MSSD_1_300V   1.5e+15   0	727
MCZ200N_04_MSSD_1_400V   1.5e+15   0	727
MCZ200N_04_MSSD_1_500V   1.5e+15   0	727
MCZ200N_04_MSSD_1_550V   1.5e+15   0	727
MCZ200P_01_MSSD_2_300V   1.5e+15   0	727
MCZ200P_01_MSSD_2_400V   1.5e+15   0	727
MCZ200P_01_MSSD_2_500V   1.5e+15   0	727
MCZ200P_01_MSSD_2_600V   1.5e+15   0	727
MCZ200Y_05_MSSD_1_300V   1.5e+15   0	727
MCZ200Y_05_MSSD_1_400V   1.5e+15   0	727
MCZ200Y_05_MSSD_1_500V   1.5e+15   0	727
MCZ200Y_05_MSSD_1_600V   1.5e+15   0	727
#10 2012
FTH200N_24_MSSD_2_100V   0   0	695
FTH200N_24_MSSD_2_150V   0   0	695
FTH200N_24_MSSD_2_200V   0   0	695
FTH200N_24_MSSD_2_250V   0   0	695
FTH200N_24_MSSD_2_300V   0   0	695
FTH200N_24_MSSD_2_350V   0   0	695
FTH200P_08_MSSD_1_150V   0   0	695
FTH200P_08_MSSD_1_175V   0   0	695
FTH200P_08_MSSD_1_250V   0   0	695
FTH200P_08_MSSD_1_300V   0   0	695
FTH200Y_03_MSSD_1_100V   0   0	695
FTH200Y_03_MSSD_1_150V   0   0	695
FTH200Y_03_MSSD_1_200V   0   0	695
FTH200Y_03_MSSD_1_250V   0   0	695
FTH200Y_03_MSSD_1_300V   0   0	695
FZ200N_04_MSSD_2_402V   1.5e+15   42019.1	640
FZ200N_04_MSSD_2_500V   1.5e+15   42019.1	640
FZ200N_04_MSSD_2_600V   1.5e+15   42019.1	640
FZ200N_04_MSSD_2_700V   1.5e+15   42019.1	640
FZ200P_04_MSSD_1_102V   0   0	640
FZ200P_04_MSSD_1_152V   0   0	640
FZ200P_04_MSSD_1_202V   0   0	640
FZ200P_04_MSSD_1_252V   0   0	640
FZ200P_04_MSSD_1_302V   0   0	640
FZ200P_04_MSSD_1_350V   0   0	640
FZ200Y_06_MSSD_1_400V   1.5e+15   19110.3	640
FZ200Y_06_MSSD_1_450V   1.5e+15   19110.3	640
FZ200Y_06_MSSD_1_500V   1.5e+15   19110.3	640
FZ200Y_06_MSSD_1_550V   1.5e+15   19110.3	640
FZ200Y_06_MSSD_1_600V   1.5e+15   19110.3	640
FZ200Y_06_MSSD_1_650V   1.5e+15   19110.3	640
FZ200Y_06_MSSD_1_700V   1.5e+15   19110.3	640
FZ200Y_06_MSSD_1_750V   1.5e+15   19110.3	640
FZ320N_04_MSSD_1_100V   0   0	666
FZ320N_04_MSSD_1_150V   0   0	666
FZ320N_04_MSSD_1_202V   0   0	666
FZ320N_04_MSSD_1_302V   0   0	666
FZ320N_04_MSSD_1_400V   0   0	666
FZ320N_05_MSSD_1_202V   1.5e+15   42019.1	666
FZ320N_05_MSSD_1_300V   1.5e+15   42019.1	666
FZ320N_05_MSSD_1_400V   1.5e+15   42019.1	666
FZ320N_05_MSSD_1_500V   1.5e+15   42019.1	666
FZ320N_05_MSSD_1_600V   1.5e+15   42019.1	666
FZ320N_05_MSSD_1_650V   1.5e+15   42019.1	666
FZ320N_05_MSSD_1_700V   1.5e+15   42019.1	666
FZ320Y_05_MSSD_1_402V   1.5e+15   42019.1	666
FZ320Y_05_MSSD_1_500V   1.5e+15   42019.1	666
FZ320Y_05_MSSD_1_600V   1.5e+15   42019.1	666
FZ320Y_05_MSSD_1_700V   1.5e+15   42019.1	666
FZ320Y_05_MSSD_1_800V   1.5e+15   42019.1	666
FZ320Y_05_MSSD_1_900V   1.5e+15   42019.1	666
MCZ200N_02_MSSD_2_050V   0   0	695
MCZ200N_02_MSSD_2_152V   0   0	695
MCZ200N_02_MSSD_2_202V   0   0	695
MCZ200N_02_MSSD_2_252V   0   0	695
MCZ200N_02_MSSD_2_302V   0   0	695
MCZ200N_04_MSSD_1_402V   1.5e+15   42019.1	695
MCZ200N_04_MSSD_1_502V   1.5e+15   42019.1	695
MCZ200N_04_MSSD_1_600V   1.5e+15   42019.1	695
MCZ200P_01_MSSD_2_200V   1.5e+15   19110.3	695
MCZ200P_01_MSSD_2_250V   1.5e+15   19110.3	695
MCZ200P_01_MSSD_2_300V   1.5e+15   19110.3	695
MCZ200P_01_MSSD_2_350V   1.5e+15   19110.3	695
MCZ200P_01_MSSD_2_400V   1.5e+15   19110.3	695
MCZ200P_01_MSSD_2_450V   1.5e+15   19110.3	695
MCZ200P_01_MSSD_2_500V   1.5e+15   19110.3	695
MCZ200P_01_MSSD_2_550V   1.5e+15   19110.3	695
MCZ200P_01_MSSD_2_600V   1.5e+15   19110.3	695
MCZ200P_01_MSSD_2_700V   1.5e+15   19110.3	695
MCZ200Y_05_MSSD_1_402V   1.5e+15   0	695
MCZ200Y_05_MSSD_1_502V   1.5e+15   0	695
MCZ200Y_05_MSSD_1_602V   1.5e+15   0	695
MCZ200Y_05_MSSD_1_650V   1.5e+15   0	695
MCZ200Y_05_MSSD_1_750V   1.5e+15   0	695
MCZ200Y_05_MSSD_1_300V   1.5e+15   19110.3	695
MCZ200Y_05_MSSD_1_350V   1.5e+15   19110.3	695
MCZ200Y_05_MSSD_1_400V   1.5e+15   19110.3	695
MCZ200Y_05_MSSD_1_450V   1.5e+15   19110.3	695
MCZ200Y_05_MSSD_1_500V   1.5e+15   19110.3	695
MCZ200Y_05_MSSD_1_550V   1.5e+15   19110.3	695
MCZ200Y_05_MSSD_1_600V   1.5e+15   19110.3	695
MCZ200Y_05_MSSD_1_650V   1.5e+15   19110.3	695
