5446 45
5447 45
5448 45
5450 45
5451 45
5452 45
5453 45
5454 45
5455 45
5456 45
5457 45
5458 45
5459 45
5460 45
5461 45
5462 45
5463 45
5464 45
5465 45
5466 45
5467 95
5468 95
5469 95
5470 95
5472 100
5473 100
5474 100
5475 100
5476 100
5477 100
5478 100
5479 100
5480 100
5481 300
5481 300
5482 300
5483 100
5484 100
5485 100
5486 100
5487 200
5488 200
5489 200
5490 200
5491 100
5492 100
5493 200
5494 200
5495 300
5496 300
5497 100
5498 100
5499 200
5500 200
5501 300
5502 300
5503 100
5504 100
5505 100
5507 100
5508 100
5509 200
5511 300
5513 300
5514 300
5516 100
5518 100
5520 100
5521 100
5522 200
5523 200
5525 300
5529 88
5530 88
5531 88
5534 200
5536 100
5537 100
5538 200
5539 200
5540 300
5541 300
5542 150
5543 150
5544 250
5545 250
5546 350
5547 350
5548 100
5549 100
5550 200
5551 200
5552 200
5553 100
5554 100
5555 200
5556 200
5557 300
5558 300
5559 150
5560 150
5561 250
5562 250
5563 350
5564 350
5565 100
5566 100
5567 200
5568 200
5569 300
5570 300
5571 150
5572 150
5573 250
5574 250
5575 350
5576 350
5577 100
5578 100
5579 200
5580 200
5581 300
5582 300
5583 150
5584 150
5585 150
5588 40
5589 80
5590 6
5591 6
5592 50
5593 50
5594 100
5595 100
5596 200
5597 200
5598 300
5599 300
5600 400
5601 400
5602 500
5603 500
5604 600
5607 500
5608 500
5609 600
5610 700
5611 800
5612 800
5613 800
5614 800
5614 800
5615 800
5616 800
5617 800
5618 800
5619 800
5620 800
5621 800
5622 800
5623 400
5624 400
5625 500
5626 500
5627 600
5628 600
5629 700
5630 700
5632 800
5633 300
5634 300
5635 400
5636 400
5637 500
5638 500
5639 600
5640 600
5641 700
5642 700
5643 800
5644 800
5645 300
5646 300
5647 400
5648 400
5649 500
5650 500
5651 600
5652 600
5653 700
5655 800
5656 800
5657 300
5659 400
5661 10
5663 10
5665 10
5667 10
5670 392
5670 392
5673 10
5676 100
5677 100
5678 200
5679 200
5680 300
5681 300
5682 400
5683 400
5684 350
5685 350
5686 150
5687 150
5688 100
5689 100
5690 200
5691 200
5692 300
5693 300
5694 400
5695 400
5696 350
5697 350
5698 150
5699 150
5700 300
5701 300
5702 350
5703 350
5704 150
5705 150
5706 300
5707 300
5708 350
5709 350
5715 10
5716 10
5717 10
5718 10
5719 10
5721 10
5723 10
5724 50
5725 50
5726 175
5727 175
5728 200
5729 100
5730 100
5731 250
5732 300
5733 300
5734 100
5735 100
5736 100
5737 100
5738 100
5739 100
5740 100
5741 100
5742 200
5743 200
5744 300
5745 300
5746 100
5747 100
5748 200
5749 200
5750 300
5751 300
5752 100
5753 100
5754 200
5755 200
5756 300
5757 300
5758 100
5759 100
5760 200
5761 200
5762 300
5763 300
5764 100
5765 100
5766 200
5767 200
5768 300
5769 300
5770 100
5771 100
5772 200
5773 200
5774 300
5775 300
5776 100
5777 100
5778 200
5779 200
5780 300
5781 300
5782 100
5783 100
5785 100
5786 100
5787 150
5788 150
5789 200
5790 200
5791 250
5792 250
5793 300
5794 300
5795 50
5796 50
5797 100
5798 100
5800 150
5801 150
5802 200
5803 200
5804 250
5805 250
5806 300
5807 300
5808 50
5809 50
5810 100
5811 100
5812 150
5813 150
5814 200
5815 200
5816 250
5817 250
5820 10
5821 10
5823 450
5825 450
5826 450
5827 450
5828 450
5829 550
5830 550
5831 650
5832 650
5833 750
5834 750
5835 400
5836 400
5837 500
5838 500
5839 600
5840 600
5841 700
5842 700
5843 450
5844 450
5845 550
5846 550
5847 650
5848 650
5849 750
5850 750
5851 400
5852 400
5858 450
5860 450
5861 450
5862 550
5863 550
5864 650
5865 650
5866 750
5867 750
5868 400
5869 400
5870 500
5871 500
5872 600
5873 600
5874 700
5875 700
5876 450
5877 450
5878 550
5879 550
5880 650
5881 650
5882 750
5883 750
5884 400
5885 400
5886 500
5887 500
5888 600
5889 600
5890 700
5891 700
5892 800
5893 800
5894 800
5895 800
5896 800
5897 900
