5446 45
5447 45
5448 45
5450 45
5451 45
5452 45
5453 45
5454 45
5455 45
5456 45
5457 45
5458 45
5459 45
5460 45
5461 45
5462 45
5463 45
5464 45
5465 45
5466 45
5467 95
5468 95
5469 95
5470 95
5472 75
5473 75
5474 75
5475 75
5476 75
5477 25
5478 25
5479 125
5480 125
5481 300
5481 300
5482 300
5483 125
5484 125
5485 18
5486 18
5487 101
5488 101
5489 101
5490 101
5491 51
5492 51
5493 125
5494 125
5495 62
5496 62
5497 88
5498 88
5499 37
5500 37
5501 41
5502 41
5503 31
5504 31
5505 200
5507 200
5508 200
5509 300
5511 250
5513 175
5514 175
5516 200
5518 200
5520 200
5521 200
5522 300
5523 300
5525 150
5529 88
5530 88
5531 88
5534 200
5536 100
5537 100
5538 200
5539 200
5540 300
5541 300
5542 150
5543 150
5544 250
5545 250
5546 350
5547 350
5548 100
5549 100
5550 200
5551 200
5552 200
5553 100
5554 100
5555 200
5556 200
5557 300
5558 300
5559 150
5560 150
5561 250
5562 250
5563 350
5564 350
5565 100
5566 100
5567 200
5568 200
5569 300
5570 300
5571 150
5572 150
5573 250
5574 250
5575 350
5576 350
5577 100
5578 100
5579 200
5580 200
5581 300
5582 300
5583 150
5584 150
5585 150
5589 5
5590 6
5591 6
5592 50
5593 50
5594 100
5595 100
5596 200
5597 200
5598 300
5599 300
5600 400
5601 400
5602 500
5603 500
5604 600
5607 500
5608 500
5609 600
5610 700
5611 800
5612 800
5613 800
5614 800
5614 800
5615 850
5616 850
5617 900
5618 900
5619 900
5620 900
5621 900
5622 900
5623 400
5624 400
5625 500
5626 500
5627 600
5628 600
5629 700
5630 700
5632 800
5633 900
5634 900
5635 400
5636 400
5637 500
5638 500
5639 600
5640 600
5641 700
5642 700
5643 800
5644 800
5645 900
5646 900
5647 400
5648 400
5649 500
5650 500
5651 600
5652 600
5653 700
5655 800
5656 800
5657 900
5659 400
5661 10
5663 10
5665 10
5667 10
5670 383
5670 386
5673 10
5676 400
5677 400
5678 500
5679 500
5680 600
5681 600
5682 650
5683 650
5684 750
5685 750
5686 800
5687 800
5688 400
5689 400
5690 500
5691 500
5692 600
5693 600
5694 650
5695 650
5696 750
5697 750
5698 800
5699 800
5700 600
5701 600
5702 750
5703 750
5704 800
5705 800
5706 600
5707 600
5708 750
5709 750
5715 10
5716 10
5717 10
5718 10
5719 10
5721 10
5723 10
5724 50
5725 50
5726 75
5727 75
5728 200
5729 100
5730 100
5731 125
5732 75
5733 75
5734 150
5735 150
5736 150
5737 150
5738 150
5739 150
5740 150
5741 150
5742 250
5743 250
5744 60
5745 60
5746 160
5747 160
5748 254
5749 254
5750 58
5751 58
5752 152
5753 152
5754 241
5755 241
5756 40
5757 40
5758 129
5759 129
5760 213
5761 213
5762 297
5763 297
5764 91
5765 91
5766 170
5767 170
5768 249
5769 249
5770 38
5771 38
5772 113
5773 113
5774 188
5775 188
5776 263
5777 263
5778 44
5779 44
5780 115
5781 115
5782 186
5783 186
5785 150
5786 150
5787 260
5788 260
5789 80
5790 80
5791 190
5792 190
5793 300
5794 300
5795 120
5796 120
5797 230
5798 230
5800 5
5801 5
5802 115
5803 115
5804 225
5805 225
5806 45
5807 45
5808 155
5809 155
5810 265
5811 265
5812 85
5813 85
5814 187
5815 187
5816 289
5817 289
5820 10
5821 10
5823 450
5825 450
5826 450
5827 450
5828 450
5829 550
5830 550
5831 650
5832 650
5833 750
5834 750
5835 400
5836 400
5837 500
5838 500
5839 600
5840 600
5841 700
5842 700
5843 450
5844 450
5845 550
5846 550
5847 650
5848 650
5849 750
5850 750
5851 400
5852 400
5858 450
5860 450
5861 450
5862 550
5863 550
5864 650
5865 650
5866 750
5867 750
5868 400
5869 400
5870 500
5871 500
5872 600
5873 600
5874 700
5875 700
5876 450
5877 450
5878 550
5879 550
5880 650
5881 650
5882 750
5883 750
5884 400
5885 400
5886 500
5887 500
5888 600
5889 600
5890 700
5891 700
5892 800
5893 800
5894 800
5895 800
5896 800
5897 900
