5446 45
5447 45
5448 45
5450 45
5451 45
5452 45
5453 45
5454 45
5455 45
5456 45
5457 45
5458 45
5459 45
5460 45
5461 45
5462 45
5463 45
5464 45
5465 45
5466 45
5467 95
5468 95
5469 95
5470 95
5472 75
5473 75
5474 75
5475 75
5476 75
5477 25
5478 25
5479 125
5480 125
5481 300
5481 300
5482 300
5483 125
5484 125
5485 100
5486 100
5487 200
5488 200
5489 200
5490 200
5491 100
5492 100
5493 200
5494 200
5495 300
5496 300
5497 100
5498 100
5499 200
5500 200
5501 300
5502 300
5503 100
5504 100
5505 100
5507 100
5508 100
5509 100
5511 100
5513 100
5514 100
5516 100
5518 100
5520 100
5521 100
5522 100
5523 100
5525 100
5529 88
5530 88
5531 88
5534 200
5536 100
5537 100
5538 200
5539 200
5540 300
5541 300
5542 150
5543 150
5544 250
5545 250
5546 350
5547 350
5548 100
5549 100
5550 200
5551 200
5552 200
5553 100
5554 100
5555 200
5556 200
5557 300
5558 300
5559 150
5560 150
5561 250
5562 250
5563 350
5564 350
5565 100
5566 100
5567 200
5568 200
5569 300
5570 300
5571 150
5572 150
5573 250
5574 250
5575 350
5576 350
5577 100
5578 100
5579 200
5580 200
5581 300
5582 300
5583 150
5584 150
5585 150
5589 5
5590 6
5591 6
5592 50
5593 50
5594 100
5595 100
5596 200
5597 200
5598 300
5599 300
5600 400
5601 400
5602 500
5603 500
5604 600
5607 500
5608 500
5609 600
5610 700
5611 700
5612 700
5613 700
5614 675
5614 700
5615 750
5616 750
5617 720
5618 720
5619 700
5620 700
5621 650
5622 650
5623 400
5624 400
5625 500
5626 500
5627 600
5628 600
5629 640
5630 640
5632 200
5633 300
5634 300
5635 400
5636 400
5637 500
5638 500
5639 600
5640 600
5641 640
5642 640
5643 200
5644 200
5645 300
5646 300
5647 400
5648 400
5649 500
5650 500
5651 600
5652 600
5653 640
5655 200
5656 200
5657 300
5659 400
5661 10
5663 10
5665 10
5667 10
5670 448
5670 460
5673 10
5676 400
5677 400
5678 500
5679 500
5680 600
5681 600
5682 650
5683 650
5684 675
5685 675
5686 685
5687 685
5688 400
5689 400
5690 500
5691 500
5692 600
5693 600
5694 650
5695 650
5696 675
5697 675
5698 685
5699 685
5700 600
5701 600
5702 675
5703 675
5704 685
5705 685
5706 600
5707 600
5708 675
5709 675
5715 10
5716 10
5717 10
5718 10
5719 10
5736 10
5737 10
5738 10
5739 10
5740 10
5741 10
5742 10
5743 10
5744 10
5745 10
5746 10
5747 10
5748 10
5749 10
5750 10
5751 10
5752 10
5753 10
5754 10
5755 10
5756 10
5757 10
5758 10
5759 10
5760 10
5761 10
5762 10
5763 10
5764 10
5765 10
5766 10
5767 10
5768 10
5769 10
5770 10
5771 10
5772 10
5773 10
5774 10
5775 10
5776 10
5777 10
5778 10
5779 10
5780 10
5781 10
5782 10
5783 10
5785 10
5786 10
5787 10
5788 10
5789 10
5790 10
5791 10
5792 10
5793 10
5794 10
5795 10
5796 10
5797 10
5798 10
5800 10
5801 10
5802 10
5803 10
5804 10
5805 10
5806 10
5807 10
5808 10
5809 10
5810 10
5811 10
5812 10
5813 10
5814 10
5815 10
5816 10
5817 10
5820 10
5821 10
5823 350
5825 350
5826 350
5827 350
5828 350
5829 450
5830 450
5831 550
5832 550
5833 650
5834 650
5835 300
5836 300
5837 400
5838 400
5839 500
5840 500
5841 600
5842 600
5843 350
5844 350
5845 450
5846 450
5847 550
5848 550
5849 650
5850 650
5851 300
5852 300
5858 350
5860 350
5861 350
5862 450
5863 450
5864 550
5865 550
5866 650
5867 650
5868 300
5869 300
5870 400
5871 400
5872 500
5873 500
5874 600
5875 600
5876 350
5877 350
5878 450
5879 450
5880 550
5881 550
5882 650
5883 650
5884 300
5885 300
5886 400
5887 400
5888 500
5889 500
5890 600
5891 600
5892 700
5893 700
5894 700
5895 700
5896 700
5897 800
