5446 45
5448 45
5450 45
5451 45
5452 45
5453 45
5454 45
5455 45
5456 45
5457 45
5458 45
5459 45
5460 45
5461 45
5462 45
5463 45
5464 45
5465 45
5466 45
5467 95
5468 95
5469 95
5470 95
5472 75
5473 75
5474 75
5475 75
5476 75
5477 25
5478 25
5479 125
5480 125
5481 150
5482 150
5483 125
5484 125
5485 12
5486 12
5487 65
5488 65
5489 65
5490 65
5491 24
5492 24
5493 105
5494 105
5495 53
5496 53
5497 127
5498 127
5499 78
5500 78
5501 105
5502 105
5503 70
5504 70
5505 45
5507 105
5508 105
5509 88
5511 141
5513 61
5514 61
5516 130
5518 128
5520 101
5521 101
5522 58
5523 58
5525 47
5529 0
5530 0
5531 0
5534 200
5536 100
5537 100
5538 200
5539 200
5540 300
5541 300
5542 150
5543 150
5544 250
5545 250
5546 350
5547 350
5548 100
5549 100
5550 200
5551 200
5552 200
5553 100
5554 100
5555 200
5556 200
5557 300
5558 300
5559 150
5560 150
5561 250
5562 250
5563 350
5564 350
5565 100
5566 100
5567 200
5568 200
5569 300
5570 300
5571 150
5572 150
5573 250
5574 250
5575 350
5576 350
5577 100
5578 100
5579 200
5580 200
5581 300
5582 300
5583 150
5584 150
5585 150
5588 5
5589 5
5590 6
5591 6
5592 50
5593 50
5594 100
5595 100
5596 200
5597 200
5598 300
5599 300
5600 400
5601 400
5602 500
5603 500
5604 600
5607 500
5608 500
5609 600
5610 700
5611 800
5612 800
5613 800
5614 800
5614 800
5615 850
5616 850
5617 900
5618 900
5619 850
5620 850
5621 850
5622 850
5623 400
5624 400
5625 500
5626 500
5627 600
5628 600
5629 700
5630 700
5632 800
5633 850
5634 850
5635 400
5636 400
5637 500
5638 500
5639 600
5640 600
5641 700
5642 700
5643 800
5644 800
5645 850
5646 850
5647 400
5648 400
5649 500
5650 500
5651 600
5652 600
5653 700
5655 800
5656 800
5657 850
5659 400
5661 10
5663 10
5665 10
5667 10
5670 475
5670 487
5673 10
5676 400
5677 400
5678 500
5679 500
5680 600
5681 600
5682 650
5683 650
5684 700
5685 700
5686 725
5687 725
5688 400
5689 400
5690 500
5691 500
5692 600
5693 600
5694 650
5695 650
5696 700
5697 700
5698 725
5699 725
5700 600
5701 600
5702 700
5703 700
5704 725
5705 725
5706 600
5707 600
5708 700
5709 700
5715 10
5716 10
5717 10
5718 10
5719 10
5721 10
5723 10
5724 50
5725 50
5726 75
5727 75
5728 200
5729 100
5730 100
5731 250
5732 300
5733 300
5734 100
5735 100
5736 100
5737 100
5738 100
5739 100
5740 100
5741 100
5742 200
5743 200
5744 300
5745 300
5746 100
5747 100
5748 200
5749 200
5750 300
5751 300
5752 100
5753 100
5754 200
5755 200
5756 300
5757 300
5758 100
5759 100
5760 200
5761 200
5762 300
5763 300
5764 100
5765 100
5766 200
5767 200
5768 300
5769 300
5770 100
5771 100
5772 200
5773 200
5774 300
5775 300
5776 100
5777 100
5778 200
5779 200
5780 300
5781 300
5782 100
5783 100
5785 100
5786 100
5787 150
5788 150
5789 200
5790 200
5791 250
5792 250
5793 300
5794 300
5795 50
5796 50
5797 100
5798 100
5800 150
5801 150
5802 200
5803 200
5804 250
5805 250
5806 300
5807 300
5808 50
5809 50
5810 100
5811 100
5812 150
5813 150
5814 200
5815 200
5816 250
5817 250
5820 10
5821 10
5823 250
5825 250
5826 250
5827 250
5828 250
5829 350
5830 350
5831 450
5832 450
5833 550
5834 550
5835 200
5836 200
5837 300
5838 300
5839 400
5840 400
5841 500
5842 500
5843 250
5844 250
5845 350
5846 350
5847 450
5848 450
5849 550
5850 550
5851 200
5852 200
5858 250
5860 250
5861 250
5862 350
5863 350
5864 450
5865 450
5866 550
5867 550
5868 200
5869 200
5870 300
5871 300
5872 400
5873 400
5874 500
5875 500
5876 250
5877 250
5878 350
5879 350
5880 450
5881 450
5882 550
5883 550
5884 200
5885 200
5886 300
5887 300
5888 400
5889 400
5890 500
5891 500
5892 600
5893 600
5894 600
5895 600
5896 600
5897 700
