3 FZ200P_06_MSSD_1_n_4e14 0.0 4112
3 FZ200P_06_MSSD_1_n_4e14 0.0 4113
3 FZ200P_06_MSSD_1_n_4e14 52.0 4114
3 FZ200P_06_MSSD_1_n_4e14 52.0 4115
3 FZ200P_06_MSSD_1_n_4e14 52.0 4116
3 FZ200P_06_MSSD_1_n_4e14 52.0 4117
3 FZ200P_06_MSSD_1_n_4e14 52.0 4118
3 FZ200P_06_MSSD_1_n_4e14 52.0 4121
3 FZ200P_06_MSSD_1_n_4e14 52.0 4122
3 FZ200P_06_MSSD_1_n_4e14 52.0 4123
3 FZ200P_06_MSSD_1_n_4e14 52.0 4124
3 FZ200P_06_MSSD_1_n_4e14 52.0 4135
3 FZ200P_06_MSSD_1_n_4e14 52.0 4136
3 FZ200P_06_MSSD_1_n_4e14 52.0 4147
3 FZ200P_06_MSSD_1_n_4e14 52.0 4148
3 FZ200P_06_MSSD_1_n_4e14 52.0 4159
3 FZ200P_06_MSSD_1_n_4e14 52.0 4160
3 FZ200P_06_MSSD_1_n_4e14 52.0 4169
3 FZ200P_06_MSSD_1_n_4e14 52.0 4170
3 FZ200P_06_MSSD_1_n_4e14 52.0 4171
3 FZ200P_06_MSSD_1_n_4e14 52.0 4172
3 FZ200P_06_MSSD_1_n_4e14 52.0 4173
3 FZ200P_06_MSSD_1_n_4e14 52.0 4174

3 FZ200P_06_MSSD_1_n_4e14 102.0 4125
3 FZ200P_06_MSSD_1_n_4e14 102.0 4126
3 FZ200P_06_MSSD_1_n_4e14 102.0 4137
3 FZ200P_06_MSSD_1_n_4e14 102.0 4138
3 FZ200P_06_MSSD_1_n_4e14 102.0 4149
3 FZ200P_06_MSSD_1_n_4e14 102.0 4150
3 FZ200P_06_MSSD_1_n_4e14 102.0 4161
3 FZ200P_06_MSSD_1_n_4e14 102.0 4162

3 FZ200P_06_MSSD_1_n_4e14 151.9 4128
3 FZ200P_06_MSSD_1_n_4e14 151.8 4140
3 FZ200P_06_MSSD_1_n_4e14 151.8 4152
3 FZ200P_06_MSSD_1_n_4e14 151.9 4164
3 FZ200P_06_MSSD_1_n_4e14 152.0 4127
3 FZ200P_06_MSSD_1_n_4e14 152.0 4139
3 FZ200P_06_MSSD_1_n_4e14 152.0 4151
3 FZ200P_06_MSSD_1_n_4e14 152.0 4163
3 FZ200P_06_MSSD_1_n_4e14 201.5 4120
3 FZ200P_06_MSSD_1_n_4e14 201.8 4130
3 FZ200P_06_MSSD_1_n_4e14 201.5 4141
3 FZ200P_06_MSSD_1_n_4e14 201.8 4142
3 FZ200P_06_MSSD_1_n_4e14 201.8 4154
3 FZ200P_06_MSSD_1_n_4e14 201.8 4166
3 FZ200P_06_MSSD_1_n_4e14 202.0 4129
3 FZ200P_06_MSSD_1_n_4e14 202.0 4153
3 FZ200P_06_MSSD_1_n_4e14 202.0 4165
3 FZ200P_06_MSSD_1_n_4e14 251.9 4168
3 FZ200P_06_MSSD_1_n_4e14 252.0 4131
3 FZ200P_06_MSSD_1_n_4e14 252.0 4132
3 FZ200P_06_MSSD_1_n_4e14 252.0 4143
3 FZ200P_06_MSSD_1_n_4e14 252.0 4144
3 FZ200P_06_MSSD_1_n_4e14 252.0 4155
3 FZ200P_06_MSSD_1_n_4e14 252.0 4156
3 FZ200P_06_MSSD_1_n_4e14 252.0 4167
3 FZ200P_06_MSSD_1_n_4e14 261.0 4119
3 FZ200P_06_MSSD_1_n_4e14 301.8 4134
3 FZ200P_06_MSSD_1_n_4e14 301.0 4145
3 FZ200P_06_MSSD_1_n_4e14 301.9 4146
3 FZ200P_06_MSSD_1_n_4e14 301.9 4158
3 FZ200P_06_MSSD_1_n_4e14 302.0 4133
3 FZ200P_06_MSSD_1_n_4e14 302.0 4157
