2 FZ200P_06_MSSD_1_n_3e14 0.0 4176
2 FZ200P_06_MSSD_1_n_3e14 0.1 4177
2 FZ200P_06_MSSD_1_n_3e14 0.0 4191
2 FZ200P_06_MSSD_1_n_3e14 0.0 4192
2 FZ200P_06_MSSD_1_n_3e14 0.0 4193
2 FZ200P_06_MSSD_1_n_3e14 0.0 4194
2 FZ200P_06_MSSD_1_n_3e14 0.0 4228
2 FZ200P_06_MSSD_1_n_3e14 0.0 4229
2 FZ200P_06_MSSD_1_n_3e14 0.0 4232
2 FZ200P_06_MSSD_1_n_3e14 0.0 4333
2 FZ200P_06_MSSD_1_n_3e14 6.0 4183
2 FZ200P_06_MSSD_1_n_3e14 6.0 4184
2 FZ200P_06_MSSD_1_n_3e14 6.0 4185
2 FZ200P_06_MSSD_1_n_3e14 12.3 4241
2 FZ200P_06_MSSD_1_n_3e14 12.2 4242
2 FZ200P_06_MSSD_1_n_3e14 13.3 4178
2 FZ200P_06_MSSD_1_n_3e14 13.0 4181
2 FZ200P_06_MSSD_1_n_3e14 13.6 4233
2 FZ200P_06_MSSD_1_n_3e14 13.0 4234

2 FZ200P_06_MSSD_1_n_3e14 53.0 4175
2 FZ200P_06_MSSD_1_n_3e14 93.5 4188
2 FZ200P_06_MSSD_1_n_3e14 130.0 4189

2 FZ200P_06_MSSD_1_n_3e14 152.0 4311
2 FZ200P_06_MSSD_1_n_3e14 152.8 4312
2 FZ200P_06_MSSD_1_n_3e14 152.8 4322
2 FZ200P_06_MSSD_1_n_3e14 152.7 4332
2 FZ200P_06_MSSD_1_n_3e14 153.0 4321
2 FZ200P_06_MSSD_1_n_3e14 153.0 4331
2 FZ200P_06_MSSD_1_n_3e14 224.0 4313
2 FZ200P_06_MSSD_1_n_3e14 228.0 4323
2 FZ200P_06_MSSD_1_n_3e14 295.0 4195

2 FZ200P_06_MSSD_1_n_3e14 302.5 4196
2 FZ200P_06_MSSD_1_n_3e14 302.5 4205
2 FZ200P_06_MSSD_1_n_3e14 302.6 4206
2 FZ200P_06_MSSD_1_n_3e14 302.5 4210
2 FZ200P_06_MSSD_1_n_3e14 302.7 4211
2 FZ200P_06_MSSD_1_n_3e14 302.5 4221
2 FZ200P_06_MSSD_1_n_3e14 302.5 4249
2 FZ200P_06_MSSD_1_n_3e14 302.7 4250
2 FZ200P_06_MSSD_1_n_3e14 302.5 4263
2 FZ200P_06_MSSD_1_n_3e14 302.7 4264
2 FZ200P_06_MSSD_1_n_3e14 302.0 4278
2 FZ200P_06_MSSD_1_n_3e14 302.6 4279
2 FZ200P_06_MSSD_1_n_3e14 302.6 4293
2 FZ200P_06_MSSD_1_n_3e14 302.6 4314
2 FZ200P_06_MSSD_1_n_3e14 302.6 4324
2 FZ200P_06_MSSD_1_n_3e14 303.0 4220
2 FZ200P_06_MSSD_1_n_3e14 303.0 4277
2 FZ200P_06_MSSD_1_n_3e14 303.3 4292
2 FZ200P_06_MSSD_1_n_3e14 304.0 4289
2 FZ200P_06_MSSD_1_n_3e14 330.7 4243
2 FZ200P_06_MSSD_1_n_3e14 378.0 4315
2 FZ200P_06_MSSD_1_n_3e14 382.5 4294
2 FZ200P_06_MSSD_1_n_3e14 389.0 4325
2 FZ200P_06_MSSD_1_n_3e14 413.0 4265
2 FZ200P_06_MSSD_1_n_3e14 414.0 4251
2 FZ200P_06_MSSD_1_n_3e14 414.0 4280
2 FZ200P_06_MSSD_1_n_3e14 426.0 4197
2 FZ200P_06_MSSD_1_n_3e14 426.2 4198
2 FZ200P_06_MSSD_1_n_3e14 426.0 4207
2 FZ200P_06_MSSD_1_n_3e14 426.2 4208
2 FZ200P_06_MSSD_1_n_3e14 426.0 4212
2 FZ200P_06_MSSD_1_n_3e14 426.2 4213
2 FZ200P_06_MSSD_1_n_3e14 426.0 4222
2 FZ200P_06_MSSD_1_n_3e14 426.1 4223
2 FZ200P_06_MSSD_1_n_3e14 426.3 4252
2 FZ200P_06_MSSD_1_n_3e14 426.2 4266
2 FZ200P_06_MSSD_1_n_3e14 426.3 4281
2 FZ200P_06_MSSD_1_n_3e14 426.3 4295
2 FZ200P_06_MSSD_1_n_3e14 506.0 4296
2 FZ200P_06_MSSD_1_n_3e14 536.4 4282
2 FZ200P_06_MSSD_1_n_3e14 538.8 4253
2 FZ200P_06_MSSD_1_n_3e14 541.5 4267
2 FZ200P_06_MSSD_1_n_3e14 547.5 4316
2 FZ200P_06_MSSD_1_n_3e14 548.1 4326
2 FZ200P_06_MSSD_1_n_3e14 552.0 4199
2 FZ200P_06_MSSD_1_n_3e14 552.5 4200
2 FZ200P_06_MSSD_1_n_3e14 552.8 4214
2 FZ200P_06_MSSD_1_n_3e14 552.5 4215
2 FZ200P_06_MSSD_1_n_3e14 552.8 4224
2 FZ200P_06_MSSD_1_n_3e14 552.4 4225
2 FZ200P_06_MSSD_1_n_3e14 552.7 4254
2 FZ200P_06_MSSD_1_n_3e14 552.9 4268
2 FZ200P_06_MSSD_1_n_3e14 552.9 4283
2 FZ200P_06_MSSD_1_n_3e14 552.6 4297
2 FZ200P_06_MSSD_1_n_3e14 602.4 4327
2 FZ200P_06_MSSD_1_n_3e14 603.1 4260
2 FZ200P_06_MSSD_1_n_3e14 603.5 4302
2 FZ200P_06_MSSD_1_n_3e14 603.1 4303
2 FZ200P_06_MSSD_1_n_3e14 603.0 4318
2 FZ200P_06_MSSD_1_n_3e14 603.1 4328
2 FZ200P_06_MSSD_1_n_3e14 604.0 4259
2 FZ200P_06_MSSD_1_n_3e14 604.0 4317
2 FZ200P_06_MSSD_1_n_3e14 631.2 4298
2 FZ200P_06_MSSD_1_n_3e14 664.5 4284
2 FZ200P_06_MSSD_1_n_3e14 676.0 4203
2 FZ200P_06_MSSD_1_n_3e14 676.1 4204
2 FZ200P_06_MSSD_1_n_3e14 676.0 4218
2 FZ200P_06_MSSD_1_n_3e14 676.1 4219
2 FZ200P_06_MSSD_1_n_3e14 676.0 4257
2 FZ200P_06_MSSD_1_n_3e14 676.4 4258
2 FZ200P_06_MSSD_1_n_3e14 676.0 4300
2 FZ200P_06_MSSD_1_n_3e14 676.2 4301
2 FZ200P_06_MSSD_1_n_3e14 680.0 4255
2 FZ200P_06_MSSD_1_n_3e14 680.0 4304
2 FZ200P_06_MSSD_1_n_3e14 682.4 4319
2 FZ200P_06_MSSD_1_n_3e14 684.0 4329
2 FZ200P_06_MSSD_1_n_3e14 714.0 4261
2 FZ200P_06_MSSD_1_n_3e14 750.0 4269
2 FZ200P_06_MSSD_1_n_3e14 779.5 4287
2 FZ200P_06_MSSD_1_n_3e14 799.6 4299
2 FZ200P_06_MSSD_1_n_3e14 801.6 4256
2 FZ200P_06_MSSD_1_n_3e14 801.5 4285
2 FZ200P_06_MSSD_1_n_3e14 802.0 4201
2 FZ200P_06_MSSD_1_n_3e14 802.0 4202
2 FZ200P_06_MSSD_1_n_3e14 802.0 4216
2 FZ200P_06_MSSD_1_n_3e14 802.0 4217
2 FZ200P_06_MSSD_1_n_3e14 802.0 4226
2 FZ200P_06_MSSD_1_n_3e14 802.0 4227
2 FZ200P_06_MSSD_1_n_3e14 802.0 4270
2 FZ200P_06_MSSD_1_n_3e14 830.5 4305
2 FZ200P_06_MSSD_1_n_3e14 888.0 4288
2 FZ200P_06_MSSD_1_n_3e14 968.6 4262
2 FZ200P_06_MSSD_1_n_3e14 975.4 4330
2 FZ200P_06_MSSD_1_n_3e14 983.0 4320
2 FZ200P_06_MSSD_1_n_3e14 998.5 4306
2 FZ200P_06_MSSD_1_n_3e14 1000.7 4244
2 FZ200P_06_MSSD_1_n_3e14 1000.9 4307
2 FZ200P_06_MSSD_1_n_3e14 1000.5 4308
2 FZ200P_06_MSSD_1_n_3e14 1000.7 4309
2 FZ200P_06_MSSD_1_n_3e14 1000.8 4310
2 FZ200P_06_MSSD_1_n_3e14 1001.5 4245
2 FZ200P_06_MSSD_1_n_3e14 1001.0 4246
2 FZ200P_06_MSSD_1_n_3e14 1001.4 4247
2 FZ200P_06_MSSD_1_n_3e14 1001.0 4248