0 FZ320N_08_MSSD_2_n_4e14 0.0 4181
0 FZ320N_08_MSSD_2_n_4e14 0.0 4229
0 FZ320N_08_MSSD_2_n_4e14 0.0 4232
0 FZ320N_08_MSSD_2_n_4e14 1.2 4178
0 FZ320N_08_MSSD_2_n_4e14 2.8 4176
0 FZ320N_08_MSSD_2_n_4e14 3.2 4177
0 FZ320N_08_MSSD_2_n_4e14 4.0 4183
0 FZ320N_08_MSSD_2_n_4e14 4.5 4184
0 FZ320N_08_MSSD_2_n_4e14 4.0 4185
0 FZ320N_08_MSSD_2_n_4e14 4.5 4333
0 FZ320N_08_MSSD_2_n_4e14 11.5 4234
0 FZ320N_08_MSSD_2_n_4e14 11.7 4241
0 FZ320N_08_MSSD_2_n_4e14 11.6 4242
0 FZ320N_08_MSSD_2_n_4e14 12.2 4233
0 FZ320N_08_MSSD_2_n_4e14 51.0 4175
0 FZ320N_08_MSSD_2_n_4e14 68.0 4228
0 FZ320N_08_MSSD_2_n_4e14 92.0 4188
0 FZ320N_08_MSSD_2_n_4e14 129.3 4189

0 FZ320N_08_MSSD_2_n_4e14 148.7 4311
0 FZ320N_08_MSSD_2_n_4e14 148.1 4312
0 FZ320N_08_MSSD_2_n_4e14 148.5 4321

0 FZ320N_08_MSSD_2_n_4e14 149.3 4322
0 FZ320N_08_MSSD_2_n_4e14 149.9 4332
0 FZ320N_08_MSSD_2_n_4e14 150.0 4331
0 FZ320N_08_MSSD_2_n_4e14 151.6 4191
0 FZ320N_08_MSSD_2_n_4e14 151.0 4192
0 FZ320N_08_MSSD_2_n_4e14 151.9 4193
0 FZ320N_08_MSSD_2_n_4e14 151.9 4194

0 FZ320N_08_MSSD_2_n_4e14 222.5 4313
0 FZ320N_08_MSSD_2_n_4e14 226.0 4323
0 FZ320N_08_MSSD_2_n_4e14 298.9 4314

0 FZ320N_08_MSSD_2_n_4e14 299.3 4292
0 FZ320N_08_MSSD_2_n_4e14 299.9 4324

0 FZ320N_08_MSSD_2_n_4e14 300.0 4289
0 FZ320N_08_MSSD_2_n_4e14 300.0 4293
0 FZ320N_08_MSSD_2_n_4e14 301.9 4279
0 FZ320N_08_MSSD_2_n_4e14 302.0 4249
0 FZ320N_08_MSSD_2_n_4e14 302.0 4250
0 FZ320N_08_MSSD_2_n_4e14 302.5 4263
0 FZ320N_08_MSSD_2_n_4e14 302.4 4264
0 FZ320N_08_MSSD_2_n_4e14 302.0 4277
0 FZ320N_08_MSSD_2_n_4e14 302.0 4278
0 FZ320N_08_MSSD_2_n_4e14 366.8 4243
0 FZ320N_08_MSSD_2_n_4e14 377.3 4315
0 FZ320N_08_MSSD_2_n_4e14 381.5 4294
0 FZ320N_08_MSSD_2_n_4e14 389.0 4325
0 FZ320N_08_MSSD_2_n_4e14 416.0 4265
0 FZ320N_08_MSSD_2_n_4e14 416.0 4280
0 FZ320N_08_MSSD_2_n_4e14 420.0 4251
0 FZ320N_08_MSSD_2_n_4e14 451.9 4196
0 FZ320N_08_MSSD_2_n_4e14 452.0 4195
0 FZ320N_08_MSSD_2_n_4e14 452.0 4205
0 FZ320N_08_MSSD_2_n_4e14 452.0 4206
0 FZ320N_08_MSSD_2_n_4e14 452.0 4220
0 FZ320N_08_MSSD_2_n_4e14 452.2 4221
0 FZ320N_08_MSSD_2_n_4e14 453.5 4210
0 FZ320N_08_MSSD_2_n_4e14 454.5 4211
0 FZ320N_08_MSSD_2_n_4e14 548.2 4295
0 FZ320N_08_MSSD_2_n_4e14 551.8 4252
0 FZ320N_08_MSSD_2_n_4e14 551.4 4281
0 FZ320N_08_MSSD_2_n_4e14 552.0 4197
0 FZ320N_08_MSSD_2_n_4e14 552.2 4198
0 FZ320N_08_MSSD_2_n_4e14 552.8 4207
0 FZ320N_08_MSSD_2_n_4e14 552.9 4223
0 FZ320N_08_MSSD_2_n_4e14 552.7 4266
0 FZ320N_08_MSSD_2_n_4e14 553.1 4208
0 FZ320N_08_MSSD_2_n_4e14 553.0 4222
0 FZ320N_08_MSSD_2_n_4e14 554.5 4212
0 FZ320N_08_MSSD_2_n_4e14 554.1 4213
0 FZ320N_08_MSSD_2_n_4e14 599.5 4302
0 FZ320N_08_MSSD_2_n_4e14 599.5 4303
0 FZ320N_08_MSSD_2_n_4e14 599.9 4318
0 FZ320N_08_MSSD_2_n_4e14 600.0 4317
0 FZ320N_08_MSSD_2_n_4e14 600.0 4327
0 FZ320N_08_MSSD_2_n_4e14 600.1 4328
0 FZ320N_08_MSSD_2_n_4e14 603.7 4260
0 FZ320N_08_MSSD_2_n_4e14 604.0 4259
0 FZ320N_08_MSSD_2_n_4e14 625.6 4316
0 FZ320N_08_MSSD_2_n_4e14 625.7 4326
0 FZ320N_08_MSSD_2_n_4e14 630.0 4296
0 FZ320N_08_MSSD_2_n_4e14 649.6 4282
0 FZ320N_08_MSSD_2_n_4e14 649.6 4297
0 FZ320N_08_MSSD_2_n_4e14 650.8 4253
0 FZ320N_08_MSSD_2_n_4e14 651.2 4283
0 FZ320N_08_MSSD_2_n_4e14 652.4 4199
0 FZ320N_08_MSSD_2_n_4e14 652.3 4200
0 FZ320N_08_MSSD_2_n_4e14 652.4 4224
0 FZ320N_08_MSSD_2_n_4e14 652.3 4225
0 FZ320N_08_MSSD_2_n_4e14 652.2 4254
0 FZ320N_08_MSSD_2_n_4e14 652.0 4267
0 FZ320N_08_MSSD_2_n_4e14 653.6 4214
0 FZ320N_08_MSSD_2_n_4e14 653.7 4215
0 FZ320N_08_MSSD_2_n_4e14 653.2 4268
0 FZ320N_08_MSSD_2_n_4e14 679.3 4304
0 FZ320N_08_MSSD_2_n_4e14 681.6 4319
0 FZ320N_08_MSSD_2_n_4e14 684.5 4329
0 FZ320N_08_MSSD_2_n_4e14 716.0 4261
0 FZ320N_08_MSSD_2_n_4e14 723.8 4301
0 FZ320N_08_MSSD_2_n_4e14 724.0 4300
0 FZ320N_08_MSSD_2_n_4e14 726.0 4203
0 FZ320N_08_MSSD_2_n_4e14 726.7 4204
0 FZ320N_08_MSSD_2_n_4e14 726.5 4257
0 FZ320N_08_MSSD_2_n_4e14 726.9 4258
0 FZ320N_08_MSSD_2_n_4e14 727.5 4218
0 FZ320N_08_MSSD_2_n_4e14 727.4 4219
0 FZ320N_08_MSSD_2_n_4e14 730.4 4298
0 FZ320N_08_MSSD_2_n_4e14 764.5 4284
0 FZ320N_08_MSSD_2_n_4e14 782.5 4255
0 FZ320N_08_MSSD_2_n_4e14 799.2 4299
0 FZ320N_08_MSSD_2_n_4e14 800.3 4285
0 FZ320N_08_MSSD_2_n_4e14 802.0 4201
0 FZ320N_08_MSSD_2_n_4e14 802.2 4202
0 FZ320N_08_MSSD_2_n_4e14 802.0 4226
0 FZ320N_08_MSSD_2_n_4e14 802.0 4227
0 FZ320N_08_MSSD_2_n_4e14 802.0 4256
0 FZ320N_08_MSSD_2_n_4e14 802.5 4269
0 FZ320N_08_MSSD_2_n_4e14 803.0 4216
0 FZ320N_08_MSSD_2_n_4e14 803.1 4217
0 FZ320N_08_MSSD_2_n_4e14 803.4 4270
0 FZ320N_08_MSSD_2_n_4e14 829.5 4305
0 FZ320N_08_MSSD_2_n_4e14 830.0 4287
0 FZ320N_08_MSSD_2_n_4e14 938.0 4288
0 FZ320N_08_MSSD_2_n_4e14 970.9 4262
0 FZ320N_08_MSSD_2_n_4e14 973.5 4330
0 FZ320N_08_MSSD_2_n_4e14 980.5 4320
0 FZ320N_08_MSSD_2_n_4e14 995.9 4306
0 FZ320N_08_MSSD_2_n_4e14 996.8 4307
0 FZ320N_08_MSSD_2_n_4e14 996.0 4309
0 FZ320N_08_MSSD_2_n_4e14 997.1 4308
0 FZ320N_08_MSSD_2_n_4e14 997.2 4310
0 FZ320N_08_MSSD_2_n_4e14 1001.0 4244
0 FZ320N_08_MSSD_2_n_4e14 1001.5 4245
0 FZ320N_08_MSSD_2_n_4e14 1001.4 4246
0 FZ320N_08_MSSD_2_n_4e14 1001.4 4247
0 FZ320N_08_MSSD_2_n_4e14 1001.2 4248
