1 FZ320N_08_MSSD_2_n_4e14 52.0 4114
1 FZ320N_08_MSSD_2_n_4e14 52.0 4115
1 FZ320N_08_MSSD_2_n_4e14 52.0 4116
1 FZ320N_08_MSSD_2_n_4e14 52.4 4117
1 FZ320N_08_MSSD_2_n_4e14 52.4 4118
1 FZ320N_08_MSSD_2_n_4e14 100.9 4174

1 FZ320N_08_MSSD_2_n_4e14 101.8 4170
1 FZ320N_08_MSSD_2_n_4e14 101.6 4171
1 FZ320N_08_MSSD_2_n_4e14 101.3 4172
1 FZ320N_08_MSSD_2_n_4e14 101.5 4173

1 FZ320N_08_MSSD_2_n_4e14 102.5 4121
1 FZ320N_08_MSSD_2_n_4e14 102.3 4122
1 FZ320N_08_MSSD_2_n_4e14 102.5 4123
1 FZ320N_08_MSSD_2_n_4e14 102.4 4124
1 FZ320N_08_MSSD_2_n_4e14 102.8 4135
1 FZ320N_08_MSSD_2_n_4e14 102.0 4159
1 FZ320N_08_MSSD_2_n_4e14 102.6 4160
1 FZ320N_08_MSSD_2_n_4e14 102.0 4169

1 FZ320N_08_MSSD_2_n_4e14 103.0 4136
1 FZ320N_08_MSSD_2_n_4e14 103.5 4147
1 FZ320N_08_MSSD_2_n_4e14 103.7 4148

1 FZ320N_08_MSSD_2_n_4e14 202.0 4125
1 FZ320N_08_MSSD_2_n_4e14 202.3 4126
1 FZ320N_08_MSSD_2_n_4e14 202.5 4137
1 FZ320N_08_MSSD_2_n_4e14 202.9 4138
1 FZ320N_08_MSSD_2_n_4e14 202.4 4161
1 FZ320N_08_MSSD_2_n_4e14 202.2 4162
1 FZ320N_08_MSSD_2_n_4e14 203.5 4149
1 FZ320N_08_MSSD_2_n_4e14 203.5 4150
1 FZ320N_08_MSSD_2_n_4e14 304.0 4112
1 FZ320N_08_MSSD_2_n_4e14 304.0 4113
1 FZ320N_08_MSSD_2_n_4e14 352.0 4163
1 FZ320N_08_MSSD_2_n_4e14 352.4 4164
1 FZ320N_08_MSSD_2_n_4e14 353.2 4127
1 FZ320N_08_MSSD_2_n_4e14 353.1 4128
1 FZ320N_08_MSSD_2_n_4e14 353.7 4140
1 FZ320N_08_MSSD_2_n_4e14 353.9 4152
1 FZ320N_08_MSSD_2_n_4e14 354.0 4139
1 FZ320N_08_MSSD_2_n_4e14 354.0 4151
1 FZ320N_08_MSSD_2_n_4e14 442.4 4119

1 FZ320N_08_MSSD_2_n_4e14 502.0 4165
1 FZ320N_08_MSSD_2_n_4e14 502.3 4166
1 FZ320N_08_MSSD_2_n_4e14 503.1 4120
1 FZ320N_08_MSSD_2_n_4e14 503.5 4129
1 FZ320N_08_MSSD_2_n_4e14 503.3 4130
1 FZ320N_08_MSSD_2_n_4e14 503.5 4141
1 FZ320N_08_MSSD_2_n_4e14 503.9 4142
1 FZ320N_08_MSSD_2_n_4e14 503.9 4154
1 FZ320N_08_MSSD_2_n_4e14 504.0 4153
1 FZ320N_08_MSSD_2_n_4e14 652.0 4167
1 FZ320N_08_MSSD_2_n_4e14 652.2 4168
1 FZ320N_08_MSSD_2_n_4e14 653.2 4131
1 FZ320N_08_MSSD_2_n_4e14 653.6 4132
1 FZ320N_08_MSSD_2_n_4e14 653.9 4144
1 FZ320N_08_MSSD_2_n_4e14 653.9 4156
1 FZ320N_08_MSSD_2_n_4e14 654.0 4143
1 FZ320N_08_MSSD_2_n_4e14 654.0 4155

1 FZ320N_08_MSSD_2_n_4e14 803.2 4133
1 FZ320N_08_MSSD_2_n_4e14 803.0 4134
1 FZ320N_08_MSSD_2_n_4e14 803.4 4146
1 FZ320N_08_MSSD_2_n_4e14 803.6 4157
1 FZ320N_08_MSSD_2_n_4e14 803.0 4158
1 FZ320N_08_MSSD_2_n_4e14 804.0 4145