0 FZ320P_04_MSSD_2_n_4e14 0.0 4699
0 FZ320P_04_MSSD_2_n_4e14 0.0 4700
0 FZ320P_04_MSSD_2_n_4e14 5.9 4766
0 FZ320P_04_MSSD_2_n_4e14 5.9 4768
0 FZ320P_04_MSSD_2_n_4e14 6.0 4767
0 FZ320P_04_MSSD_2_n_4e14 6.0 4769
0 FZ320P_04_MSSD_2_n_4e14 6.0 4770
0 FZ320P_04_MSSD_2_n_4e14 10.0 4680
0 FZ320P_04_MSSD_2_n_4e14 10.0 4682
0 FZ320P_04_MSSD_2_n_4e14 62.6 4686
0 FZ320P_04_MSSD_2_n_4e14 106.8 4698
0 FZ320P_04_MSSD_2_n_4e14 111.4 4688
0 FZ320P_04_MSSD_2_n_4e14 126.1 4758
0 FZ320P_04_MSSD_2_n_4e14 126.0 4759
0 FZ320P_04_MSSD_2_n_4e14 126.6 4760
0 FZ320P_04_MSSD_2_n_4e14 127.0 4761
0 FZ320P_04_MSSD_2_n_4e14 127.0 4762
0 FZ320P_04_MSSD_2_n_4e14 127.3 4763
0 FZ320P_04_MSSD_2_n_4e14 127.3 4765
0 FZ320P_04_MSSD_2_n_4e14 128.0 4764
0 FZ320P_04_MSSD_2_n_4e14 151.9 4712
0 FZ320P_04_MSSD_2_n_4e14 151.9 4741
0 FZ320P_04_MSSD_2_n_4e14 152.0 4701
0 FZ320P_04_MSSD_2_n_4e14 152.0 4702
0 FZ320P_04_MSSD_2_n_4e14 152.0 4703
0 FZ320P_04_MSSD_2_n_4e14 152.0 4704
0 FZ320P_04_MSSD_2_n_4e14 152.0 4711
0 FZ320P_04_MSSD_2_n_4e14 152.0 4723
0 FZ320P_04_MSSD_2_n_4e14 152.5 4724
0 FZ320P_04_MSSD_2_n_4e14 152.0 4725
0 FZ320P_04_MSSD_2_n_4e14 152.0 4732
0 FZ320P_04_MSSD_2_n_4e14 152.0 4733
0 FZ320P_04_MSSD_2_n_4e14 152.0 4740
0 FZ320P_04_MSSD_2_n_4e14 152.0 4748
0 FZ320P_04_MSSD_2_n_4e14 152.0 4749
0 FZ320P_04_MSSD_2_n_4e14 152.0 4756
0 FZ320P_04_MSSD_2_n_4e14 162.0 4690
0 FZ320P_04_MSSD_2_n_4e14 228.0 4750
0 FZ320P_04_MSSD_2_n_4e14 233.0 4726
0 FZ320P_04_MSSD_2_n_4e14 234.5 4705
0 FZ320P_04_MSSD_2_n_4e14 234.0 4742
0 FZ320P_04_MSSD_2_n_4e14 235.0 4713
0 FZ320P_04_MSSD_2_n_4e14 236.0 4734
0 FZ320P_04_MSSD_2_n_4e14 302.0 4706
0 FZ320P_04_MSSD_2_n_4e14 302.0 4714
0 FZ320P_04_MSSD_2_n_4e14 302.0 4727
0 FZ320P_04_MSSD_2_n_4e14 302.0 4735
0 FZ320P_04_MSSD_2_n_4e14 302.0 4743
0 FZ320P_04_MSSD_2_n_4e14 302.0 4751
0 FZ320P_04_MSSD_2_n_4e14 358.0 4692
0 FZ320P_04_MSSD_2_n_4e14 380.5 4707
0 FZ320P_04_MSSD_2_n_4e14 382.0 4728
0 FZ320P_04_MSSD_2_n_4e14 384.4 4715
0 FZ320P_04_MSSD_2_n_4e14 384.8 4736
0 FZ320P_04_MSSD_2_n_4e14 384.8 4744
0 FZ320P_04_MSSD_2_n_4e14 385.0 4752
0 FZ320P_04_MSSD_2_n_4e14 467.9 4691
0 FZ320P_04_MSSD_2_n_4e14 538.4 4694
0 FZ320P_04_MSSD_2_n_4e14 597.4 4737
0 FZ320P_04_MSSD_2_n_4e14 597.5 4745
0 FZ320P_04_MSSD_2_n_4e14 597.7 4753
0 FZ320P_04_MSSD_2_n_4e14 598.1 4708
0 FZ320P_04_MSSD_2_n_4e14 598.1 4716
0 FZ320P_04_MSSD_2_n_4e14 598.2 4729
0 FZ320P_04_MSSD_2_n_4e14 675.0 4695
0 FZ320P_04_MSSD_2_n_4e14 677.5 4709
0 FZ320P_04_MSSD_2_n_4e14 677.0 4730
0 FZ320P_04_MSSD_2_n_4e14 677.0 4746
0 FZ320P_04_MSSD_2_n_4e14 680.5 4754
0 FZ320P_04_MSSD_2_n_4e14 683.0 4738
0 FZ320P_04_MSSD_2_n_4e14 778.0 4696
0 FZ320P_04_MSSD_2_n_4e14 801.5 4710
0 FZ320P_04_MSSD_2_n_4e14 801.5 4731
0 FZ320P_04_MSSD_2_n_4e14 801.2 4739
0 FZ320P_04_MSSD_2_n_4e14 801.4 4747
0 FZ320P_04_MSSD_2_n_4e14 801.1 4755
