3 MCZ200P_02_MSSD_1_n_4e14 0.0 4694
3 MCZ200P_02_MSSD_1_n_4e14 0.0 4696
3 MCZ200P_02_MSSD_1_n_4e14 0.5 4732
3 MCZ200P_02_MSSD_1_n_4e14 0.9 4735
3 MCZ200P_02_MSSD_1_n_4e14 0.8 4736
3 MCZ200P_02_MSSD_1_n_4e14 0.7 4740
3 MCZ200P_02_MSSD_1_n_4e14 0.7 4748
3 MCZ200P_02_MSSD_1_n_4e14 0.9 4749
3 MCZ200P_02_MSSD_1_n_4e14 0.0 4752
3 MCZ200P_02_MSSD_1_n_4e14 1.5 4701
3 MCZ200P_02_MSSD_1_n_4e14 1.4 4702
3 MCZ200P_02_MSSD_1_n_4e14 1.5 4703
3 MCZ200P_02_MSSD_1_n_4e14 1.2 4704
3 MCZ200P_02_MSSD_1_n_4e14 1.5 4705
3 MCZ200P_02_MSSD_1_n_4e14 1.3 4706
3 MCZ200P_02_MSSD_1_n_4e14 1.5 4707
3 MCZ200P_02_MSSD_1_n_4e14 1.5 4708
3 MCZ200P_02_MSSD_1_n_4e14 1.0 4709
3 MCZ200P_02_MSSD_1_n_4e14 1.8 4710
3 MCZ200P_02_MSSD_1_n_4e14 1.0 4711
3 MCZ200P_02_MSSD_1_n_4e14 1.0 4712
3 MCZ200P_02_MSSD_1_n_4e14 1.0 4713
3 MCZ200P_02_MSSD_1_n_4e14 1.1 4714
3 MCZ200P_02_MSSD_1_n_4e14 1.6 4715
3 MCZ200P_02_MSSD_1_n_4e14 1.3 4716
3 MCZ200P_02_MSSD_1_n_4e14 1.0 4724
3 MCZ200P_02_MSSD_1_n_4e14 1.3 4725
3 MCZ200P_02_MSSD_1_n_4e14 1.5 4726
3 MCZ200P_02_MSSD_1_n_4e14 1.2 4727
3 MCZ200P_02_MSSD_1_n_4e14 1.2 4728
3 MCZ200P_02_MSSD_1_n_4e14 1.5 4729
3 MCZ200P_02_MSSD_1_n_4e14 1.6 4731
3 MCZ200P_02_MSSD_1_n_4e14 1.0 4733
3 MCZ200P_02_MSSD_1_n_4e14 1.5 4734
3 MCZ200P_02_MSSD_1_n_4e14 1.2 4737
3 MCZ200P_02_MSSD_1_n_4e14 1.0 4738
3 MCZ200P_02_MSSD_1_n_4e14 1.5 4739
3 MCZ200P_02_MSSD_1_n_4e14 1.2 4741
3 MCZ200P_02_MSSD_1_n_4e14 1.0 4742
3 MCZ200P_02_MSSD_1_n_4e14 1.2 4743
3 MCZ200P_02_MSSD_1_n_4e14 1.6 4744
3 MCZ200P_02_MSSD_1_n_4e14 1.3 4745
3 MCZ200P_02_MSSD_1_n_4e14 1.7 4747
3 MCZ200P_02_MSSD_1_n_4e14 1.5 4750
3 MCZ200P_02_MSSD_1_n_4e14 1.0 4751
3 MCZ200P_02_MSSD_1_n_4e14 1.3 4753
3 MCZ200P_02_MSSD_1_n_4e14 1.0 4754
3 MCZ200P_02_MSSD_1_n_4e14 1.4 4755
3 MCZ200P_02_MSSD_1_n_4e14 1.0 4756
3 MCZ200P_02_MSSD_1_n_4e14 2.0 4723
3 MCZ200P_02_MSSD_1_n_4e14 2.0 4730
3 MCZ200P_02_MSSD_1_n_4e14 2.0 4746
3 MCZ200P_02_MSSD_1_n_4e14 5.9 4766
3 MCZ200P_02_MSSD_1_n_4e14 5.9 4768
3 MCZ200P_02_MSSD_1_n_4e14 5.8 4770
3 MCZ200P_02_MSSD_1_n_4e14 6.0 4767
3 MCZ200P_02_MSSD_1_n_4e14 6.0 4769
3 MCZ200P_02_MSSD_1_n_4e14 10.0 4680
3 MCZ200P_02_MSSD_1_n_4e14 10.0 4682
3 MCZ200P_02_MSSD_1_n_4e14 66.6 4686
3 MCZ200P_02_MSSD_1_n_4e14 111.0 4688
3 MCZ200P_02_MSSD_1_n_4e14 122.9 4758
3 MCZ200P_02_MSSD_1_n_4e14 126.3 4759
3 MCZ200P_02_MSSD_1_n_4e14 126.4 4760
3 MCZ200P_02_MSSD_1_n_4e14 127.1 4761
3 MCZ200P_02_MSSD_1_n_4e14 127.0 4762
3 MCZ200P_02_MSSD_1_n_4e14 127.3 4763
3 MCZ200P_02_MSSD_1_n_4e14 127.3 4765
3 MCZ200P_02_MSSD_1_n_4e14 128.0 4764
3 MCZ200P_02_MSSD_1_n_4e14 159.3 4690
3 MCZ200P_02_MSSD_1_n_4e14 202.1 4691
3 MCZ200P_02_MSSD_1_n_4e14 202.0 4692
3 MCZ200P_02_MSSD_1_n_4e14 241.0 4695
3 MCZ200P_02_MSSD_1_n_4e14 242.9 4699
3 MCZ200P_02_MSSD_1_n_4e14 242.8 4700
3 MCZ200P_02_MSSD_1_n_4e14 243.0 4698
