100
0
none
0
5472 100
5473 100
5474 100
5475 100
5476 100
5477 100
5478 100
5479 100
5480 100
5483 100
5484 100
5485 100
5486 100
5491 100
5492 100
5497 100
5498 100
5503 100
5504 100
5505 100
5507 100
5508 100
5516 100
5518 100
5520 100
5521 100
5729 100
5730 100
5734 100
5735 100
5736 100
5737 100
5738 100
5739 100
5740 100
5741 100
5746 100
5747 100
5752 100
5753 100
5758 100
5759 100
5764 100
5765 100
5770 100
5771 100
5776 100
5777 100
5782 100
5783 100
5785 100
5786 100
5797 100
5798 100
5810 100
5811 100