5429
5430
5431
5432
5447
5448
5450
5451
5454
5455
5456
5457
5458
5459
5460
5461
5462
5463
5464
5465
5466
5468
5469
5470
5472
5473
5474
5475
5476
5477
5479
5480
5481
5482
5484
5486
5488
5490
5492
5494
5496
5498
5500
5502
5504
5521
5523
5526
5530
5531
5537
5539
5541
5543
5545
5547
5549
5551
5556
5558
5560
5562
5564
5566
5568
5570
5572
5574
5576
5578
5580
5582
5584
5591
5593
5595
5597
5599
5601
5603
5608
5609
5610
5614
5616
5618
5620
5622
5624
5626
5628
5630
5632
5634
5636
5638
5640
5642
5644
5646
5648
5650
5652
5675
5677
5679
5681
5683
5685
5687
5689
5691
5693
5695
5697
5699
5701
5703
5705
5709
5719
5725
5727
5728
5729
5731
5733
5735
5737
5739
5741
5743
5745
5747
5749
5751
5753
5755
5757
5759
5761
5763
5765
5767
5769
5771
5773
5775
5777
5779
5781
5783
5786
5788
5790
5792
5794
5796
5798
5801
5803
5805
5807
5809
5810
5811
5813
5815
5817
5826
5828
5830
5832
5834
5836
5838
5840
5842
5844
5846
5848
5850
5852
5861
5863
5865
5867
5869
5871
5873
5875
5877
5879
5881
5883
5885
5887
5889
5891
5892
5896
5897
