3 FZ200Y_02_MSSD_2_n_4e14 0.0 4433
3 FZ200Y_02_MSSD_2_n_4e14 0.0 4441
3 FZ200Y_02_MSSD_2_n_4e14 0.0 4585
3 FZ200Y_02_MSSD_2_n_4e14 0.0 4586
3 FZ200Y_02_MSSD_2_n_4e14 0.0 4587
3 FZ200Y_02_MSSD_2_n_4e14 0.0 4588
3 FZ200Y_02_MSSD_2_n_4e14 7.8 4449
3 FZ200Y_02_MSSD_2_n_4e14 7.5 4599
3 FZ200Y_02_MSSD_2_n_4e14 38.7 4607
3 FZ200Y_02_MSSD_2_n_4e14 52.0 4589
3 FZ200Y_02_MSSD_2_n_4e14 52.5 4590
3 FZ200Y_02_MSSD_2_n_4e14 52.1 4591
3 FZ200Y_02_MSSD_2_n_4e14 62.2 4513
3 FZ200Y_02_MSSD_2_n_4e14 70.0 4458
3 FZ200Y_02_MSSD_2_n_4e14 70.0 4490
3 FZ200Y_02_MSSD_2_n_4e14 71.5 4600
3 FZ200Y_02_MSSD_2_n_4e14 72.0 4524
3 FZ200Y_02_MSSD_2_n_4e14 73.5 4482
3 FZ200Y_02_MSSD_2_n_4e14 74.0 4514
3 FZ200Y_02_MSSD_2_n_4e14 74.5 4532
3 FZ200Y_02_MSSD_2_n_4e14 74.0 4608
3 FZ200Y_02_MSSD_2_n_4e14 75.8 4623
3 FZ200Y_02_MSSD_2_n_4e14 76.0 4450
3 FZ200Y_02_MSSD_2_n_4e14 76.0 4540
3 FZ200Y_02_MSSD_2_n_4e14 76.0 4548
3 FZ200Y_02_MSSD_2_n_4e14 76.0 4616
3 FZ200Y_02_MSSD_2_n_4e14 77.5 4556
3 FZ200Y_02_MSSD_2_n_4e14 78.0 4466
3 FZ200Y_02_MSSD_2_n_4e14 78.5 4506
3 FZ200Y_02_MSSD_2_n_4e14 80.0 4442
3 FZ200Y_02_MSSD_2_n_4e14 80.0 4498
3 FZ200Y_02_MSSD_2_n_4e14 80.0 4564
3 FZ200Y_02_MSSD_2_n_4e14 80.5 4624
3 FZ200Y_02_MSSD_2_n_4e14 84.0 4572
3 FZ200Y_02_MSSD_2_n_4e14 93.5 4474
3 FZ200Y_02_MSSD_2_n_4e14 116.3 4457
3 FZ200Y_02_MSSD_2_n_4e14 121.5 4465
3 FZ200Y_02_MSSD_2_n_4e14 128.0 4592
3 FZ200Y_02_MSSD_2_n_4e14 130.3 4473
3 FZ200Y_02_MSSD_2_n_4e14 135.6 4481
3 FZ200Y_02_MSSD_2_n_4e14 142.4 4489
3 FZ200Y_02_MSSD_2_n_4e14 151.9 4483
3 FZ200Y_02_MSSD_2_n_4e14 152.0 4443
3 FZ200Y_02_MSSD_2_n_4e14 152.0 4451
3 FZ200Y_02_MSSD_2_n_4e14 152.1 4459
3 FZ200Y_02_MSSD_2_n_4e14 152.0 4467
3 FZ200Y_02_MSSD_2_n_4e14 152.0 4475
3 FZ200Y_02_MSSD_2_n_4e14 152.0 4491
3 FZ200Y_02_MSSD_2_n_4e14 152.0 4516
3 FZ200Y_02_MSSD_2_n_4e14 152.1 4517
3 FZ200Y_02_MSSD_2_n_4e14 152.1 4525
3 FZ200Y_02_MSSD_2_n_4e14 152.0 4533
3 FZ200Y_02_MSSD_2_n_4e14 152.1 4541
3 FZ200Y_02_MSSD_2_n_4e14 152.1 4549
3 FZ200Y_02_MSSD_2_n_4e14 152.1 4557
3 FZ200Y_02_MSSD_2_n_4e14 152.0 4565
3 FZ200Y_02_MSSD_2_n_4e14 152.0 4573
3 FZ200Y_02_MSSD_2_n_4e14 152.1 4593
3 FZ200Y_02_MSSD_2_n_4e14 152.2 4601
3 FZ200Y_02_MSSD_2_n_4e14 152.1 4609
3 FZ200Y_02_MSSD_2_n_4e14 152.2 4617
3 FZ200Y_02_MSSD_2_n_4e14 152.7 4626
3 FZ200Y_02_MSSD_2_n_4e14 152.3 4627
3 FZ200Y_02_MSSD_2_n_4e14 152.5 4634
3 FZ200Y_02_MSSD_2_n_4e14 152.3 4635
3 FZ200Y_02_MSSD_2_n_4e14 152.5 4642
3 FZ200Y_02_MSSD_2_n_4e14 152.0 4647
3 FZ200Y_02_MSSD_2_n_4e14 152.2 4648
3 FZ200Y_02_MSSD_2_n_4e14 152.0 4655
3 FZ200Y_02_MSSD_2_n_4e14 152.2 4656
3 FZ200Y_02_MSSD_2_n_4e14 152.0 4663
3 FZ200Y_02_MSSD_2_n_4e14 152.1 4664
3 FZ200Y_02_MSSD_2_n_4e14 152.2 4672
3 FZ200Y_02_MSSD_2_n_4e14 153.0 4671
3 FZ200Y_02_MSSD_2_n_4e14 172.3 4678
3 FZ200Y_02_MSSD_2_n_4e14 176.4 4523
3 FZ200Y_02_MSSD_2_n_4e14 204.2 4497
3 FZ200Y_02_MSSD_2_n_4e14 226.8 4610
3 FZ200Y_02_MSSD_2_n_4e14 227.2 4452
3 FZ200Y_02_MSSD_2_n_4e14 227.2 4500
3 FZ200Y_02_MSSD_2_n_4e14 227.2 4518
3 FZ200Y_02_MSSD_2_n_4e14 228.0 4444
3 FZ200Y_02_MSSD_2_n_4e14 228.0 4468
3 FZ200Y_02_MSSD_2_n_4e14 228.0 4492
3 FZ200Y_02_MSSD_2_n_4e14 228.4 4526
3 FZ200Y_02_MSSD_2_n_4e14 228.0 4542
3 FZ200Y_02_MSSD_2_n_4e14 228.4 4550
3 FZ200Y_02_MSSD_2_n_4e14 228.0 4574
3 FZ200Y_02_MSSD_2_n_4e14 228.0 4602
3 FZ200Y_02_MSSD_2_n_4e14 229.5 4476
3 FZ200Y_02_MSSD_2_n_4e14 230.4 4628
3 FZ200Y_02_MSSD_2_n_4e14 230.5 4665
3 FZ200Y_02_MSSD_2_n_4e14 231.5 4558
3 FZ200Y_02_MSSD_2_n_4e14 231.0 4566
3 FZ200Y_02_MSSD_2_n_4e14 231.0 4673
3 FZ200Y_02_MSSD_2_n_4e14 232.0 4460
3 FZ200Y_02_MSSD_2_n_4e14 232.0 4534
3 FZ200Y_02_MSSD_2_n_4e14 232.8 4594
3 FZ200Y_02_MSSD_2_n_4e14 232.4 4618
3 FZ200Y_02_MSSD_2_n_4e14 232.0 4636
3 FZ200Y_02_MSSD_2_n_4e14 232.0 4649
3 FZ200Y_02_MSSD_2_n_4e14 233.5 4657
3 FZ200Y_02_MSSD_2_n_4e14 234.0 4484
3 FZ200Y_02_MSSD_2_n_4e14 240.0 4508
3 FZ200Y_02_MSSD_2_n_4e14 254.4 4555
3 FZ200Y_02_MSSD_2_n_4e14 266.4 4531
3 FZ200Y_02_MSSD_2_n_4e14 287.3 4539
3 FZ200Y_02_MSSD_2_n_4e14 292.8 4547
3 FZ200Y_02_MSSD_2_n_4e14 302.0 4445
3 FZ200Y_02_MSSD_2_n_4e14 302.1 4453
3 FZ200Y_02_MSSD_2_n_4e14 302.1 4461
3 FZ200Y_02_MSSD_2_n_4e14 302.1 4469
3 FZ200Y_02_MSSD_2_n_4e14 302.0 4477
3 FZ200Y_02_MSSD_2_n_4e14 302.1 4485
3 FZ200Y_02_MSSD_2_n_4e14 302.1 4493
3 FZ200Y_02_MSSD_2_n_4e14 302.1 4501
3 FZ200Y_02_MSSD_2_n_4e14 302.1 4519
3 FZ200Y_02_MSSD_2_n_4e14 302.1 4527
3 FZ200Y_02_MSSD_2_n_4e14 302.1 4535
3 FZ200Y_02_MSSD_2_n_4e14 302.1 4543
3 FZ200Y_02_MSSD_2_n_4e14 302.2 4551
3 FZ200Y_02_MSSD_2_n_4e14 302.1 4559
3 FZ200Y_02_MSSD_2_n_4e14 302.1 4567
3 FZ200Y_02_MSSD_2_n_4e14 302.1 4575
3 FZ200Y_02_MSSD_2_n_4e14 302.4 4595
3 FZ200Y_02_MSSD_2_n_4e14 302.4 4603
3 FZ200Y_02_MSSD_2_n_4e14 302.5 4611
3 FZ200Y_02_MSSD_2_n_4e14 302.5 4619
3 FZ200Y_02_MSSD_2_n_4e14 302.4 4629
3 FZ200Y_02_MSSD_2_n_4e14 302.3 4637
3 FZ200Y_02_MSSD_2_n_4e14 302.4 4650
3 FZ200Y_02_MSSD_2_n_4e14 302.3 4658
3 FZ200Y_02_MSSD_2_n_4e14 302.4 4666
3 FZ200Y_02_MSSD_2_n_4e14 302.2 4674
3 FZ200Y_02_MSSD_2_n_4e14 314.5 4563
3 FZ200Y_02_MSSD_2_n_4e14 364.7 4571
3 FZ200Y_02_MSSD_2_n_4e14 382.0 4528
3 FZ200Y_02_MSSD_2_n_4e14 382.0 4612
3 FZ200Y_02_MSSD_2_n_4e14 383.7 4462
3 FZ200Y_02_MSSD_2_n_4e14 383.0 4486
3 FZ200Y_02_MSSD_2_n_4e14 384.0 4502
3 FZ200Y_02_MSSD_2_n_4e14 384.3 4544
3 FZ200Y_02_MSSD_2_n_4e14 384.0 4576
3 FZ200Y_02_MSSD_2_n_4e14 384.3 4596
3 FZ200Y_02_MSSD_2_n_4e14 384.0 4604
3 FZ200Y_02_MSSD_2_n_4e14 384.3 4667
3 FZ200Y_02_MSSD_2_n_4e14 385.7 4446
3 FZ200Y_02_MSSD_2_n_4e14 385.3 4470
3 FZ200Y_02_MSSD_2_n_4e14 385.6 4478
3 FZ200Y_02_MSSD_2_n_4e14 385.6 4536
3 FZ200Y_02_MSSD_2_n_4e14 385.6 4560
3 FZ200Y_02_MSSD_2_n_4e14 385.6 4651
3 FZ200Y_02_MSSD_2_n_4e14 386.0 4494
3 FZ200Y_02_MSSD_2_n_4e14 386.0 4520
3 FZ200Y_02_MSSD_2_n_4e14 386.0 4630
3 FZ200Y_02_MSSD_2_n_4e14 386.8 4675
3 FZ200Y_02_MSSD_2_n_4e14 387.7 4454
3 FZ200Y_02_MSSD_2_n_4e14 387.0 4620
3 FZ200Y_02_MSSD_2_n_4e14 387.3 4659
3 FZ200Y_02_MSSD_2_n_4e14 388.0 4510
3 FZ200Y_02_MSSD_2_n_4e14 388.4 4552
3 FZ200Y_02_MSSD_2_n_4e14 388.0 4568
3 FZ200Y_02_MSSD_2_n_4e14 388.8 4638
3 FZ200Y_02_MSSD_2_n_4e14 399.8 4505
3 FZ200Y_02_MSSD_2_n_4e14 592.1 4511
3 FZ200Y_02_MSSD_2_n_4e14 593.2 4447
3 FZ200Y_02_MSSD_2_n_4e14 597.8 4471
3 FZ200Y_02_MSSD_2_n_4e14 597.5 4577
3 FZ200Y_02_MSSD_2_n_4e14 598.2 4463
3 FZ200Y_02_MSSD_2_n_4e14 598.5 4479
3 FZ200Y_02_MSSD_2_n_4e14 598.5 4487
3 FZ200Y_02_MSSD_2_n_4e14 598.9 4537
3 FZ200Y_02_MSSD_2_n_4e14 598.4 4545
3 FZ200Y_02_MSSD_2_n_4e14 598.2 4561
3 FZ200Y_02_MSSD_2_n_4e14 598.5 4569
3 FZ200Y_02_MSSD_2_n_4e14 598.7 4597
3 FZ200Y_02_MSSD_2_n_4e14 598.6 4631
3 FZ200Y_02_MSSD_2_n_4e14 598.1 4639
3 FZ200Y_02_MSSD_2_n_4e14 598.7 4660
3 FZ200Y_02_MSSD_2_n_4e14 598.6 4668
3 FZ200Y_02_MSSD_2_n_4e14 599.8 4521
3 FZ200Y_02_MSSD_2_n_4e14 599.3 4553
3 FZ200Y_02_MSSD_2_n_4e14 599.1 4605
3 FZ200Y_02_MSSD_2_n_4e14 599.0 4613
3 FZ200Y_02_MSSD_2_n_4e14 599.1 4621
3 FZ200Y_02_MSSD_2_n_4e14 599.7 4652
3 FZ200Y_02_MSSD_2_n_4e14 600.1 4455
3 FZ200Y_02_MSSD_2_n_4e14 600.0 4529
3 FZ200Y_02_MSSD_2_n_4e14 600.0 4676
3 FZ200Y_02_MSSD_2_n_4e14 662.0 4504
3 FZ200Y_02_MSSD_2_n_4e14 676.5 4488
3 FZ200Y_02_MSSD_2_n_4e14 676.8 4512
3 FZ200Y_02_MSSD_2_n_4e14 677.6 4480
3 FZ200Y_02_MSSD_2_n_4e14 677.0 4570
3 FZ200Y_02_MSSD_2_n_4e14 677.5 4632
3 FZ200Y_02_MSSD_2_n_4e14 678.0 4448
3 FZ200Y_02_MSSD_2_n_4e14 678.0 4562
3 FZ200Y_02_MSSD_2_n_4e14 678.0 4606
3 FZ200Y_02_MSSD_2_n_4e14 679.5 4614
3 FZ200Y_02_MSSD_2_n_4e14 679.6 4622
3 FZ200Y_02_MSSD_2_n_4e14 680.4 4472
3 FZ200Y_02_MSSD_2_n_4e14 680.0 4496
3 FZ200Y_02_MSSD_2_n_4e14 680.0 4522
3 FZ200Y_02_MSSD_2_n_4e14 680.0 4530
3 FZ200Y_02_MSSD_2_n_4e14 680.5 4640
3 FZ200Y_02_MSSD_2_n_4e14 680.8 4661
3 FZ200Y_02_MSSD_2_n_4e14 682.0 4464
3 FZ200Y_02_MSSD_2_n_4e14 682.0 4538
3 FZ200Y_02_MSSD_2_n_4e14 682.0 4546
3 FZ200Y_02_MSSD_2_n_4e14 683.0 4598
3 FZ200Y_02_MSSD_2_n_4e14 685.6 4653
3 FZ200Y_02_MSSD_2_n_4e14 685.7 4677
3 FZ200Y_02_MSSD_2_n_4e14 707.2 4669
3 FZ200Y_02_MSSD_2_n_4e14 760.8 4554
3 FZ200Y_02_MSSD_2_n_4e14 762.4 4456
3 FZ200Y_02_MSSD_2_n_4e14 802.1 4633
3 FZ200Y_02_MSSD_2_n_4e14 802.1 4641
3 FZ200Y_02_MSSD_2_n_4e14 802.0 4644
3 FZ200Y_02_MSSD_2_n_4e14 802.0 4645
3 FZ200Y_02_MSSD_2_n_4e14 802.0 4646
3 FZ200Y_02_MSSD_2_n_4e14 802.2 4662
3 FZ200Y_02_MSSD_2_n_4e14 802.3 4670
