1 FZ200P_06_MSSD_2_p+_3e14 0.0 4433
1 FZ200P_06_MSSD_2_p+_3e14 0.0 4441
1 FZ200P_06_MSSD_2_p+_3e14 0.0 4585
1 FZ200P_06_MSSD_2_p+_3e14 0.0 4586
1 FZ200P_06_MSSD_2_p+_3e14 0.0 4587
1 FZ200P_06_MSSD_2_p+_3e14 0.0 4588
1 FZ200P_06_MSSD_2_p+_3e14 51.5 4589
1 FZ200P_06_MSSD_2_p+_3e14 51.5 4590
1 FZ200P_06_MSSD_2_p+_3e14 51.6 4591
1 FZ200P_06_MSSD_2_p+_3e14 70.0 4600
1 FZ200P_06_MSSD_2_p+_3e14 75.0 4450
1 FZ200P_06_MSSD_2_p+_3e14 79.5 4442
1 FZ200P_06_MSSD_2_p+_3e14 130.0 4592
1 FZ200P_06_MSSD_2_p+_3e14 150.6 4443
1 FZ200P_06_MSSD_2_p+_3e14 150.7 4626
1 FZ200P_06_MSSD_2_p+_3e14 151.0 4451
1 FZ200P_06_MSSD_2_p+_3e14 151.1 4459
1 FZ200P_06_MSSD_2_p+_3e14 151.1 4467
1 FZ200P_06_MSSD_2_p+_3e14 151.1 4475
1 FZ200P_06_MSSD_2_p+_3e14 151.2 4483
1 FZ200P_06_MSSD_2_p+_3e14 151.4 4491
1 FZ200P_06_MSSD_2_p+_3e14 151.2 4517
1 FZ200P_06_MSSD_2_p+_3e14 151.3 4525
1 FZ200P_06_MSSD_2_p+_3e14 151.4 4533
1 FZ200P_06_MSSD_2_p+_3e14 151.2 4541
1 FZ200P_06_MSSD_2_p+_3e14 151.3 4549
1 FZ200P_06_MSSD_2_p+_3e14 151.4 4557
1 FZ200P_06_MSSD_2_p+_3e14 151.2 4565
1 FZ200P_06_MSSD_2_p+_3e14 151.1 4573
1 FZ200P_06_MSSD_2_p+_3e14 151.3 4593
1 FZ200P_06_MSSD_2_p+_3e14 151.2 4601
1 FZ200P_06_MSSD_2_p+_3e14 151.1 4609
1 FZ200P_06_MSSD_2_p+_3e14 151.2 4617
1 FZ200P_06_MSSD_2_p+_3e14 151.1 4627
1 FZ200P_06_MSSD_2_p+_3e14 151.4 4635
1 FZ200P_06_MSSD_2_p+_3e14 151.2 4648
1 FZ200P_06_MSSD_2_p+_3e14 151.5 4655
1 FZ200P_06_MSSD_2_p+_3e14 151.3 4656
1 FZ200P_06_MSSD_2_p+_3e14 151.3 4664
1 FZ200P_06_MSSD_2_p+_3e14 151.2 4672
1 FZ200P_06_MSSD_2_p+_3e14 152.0 4516
1 FZ200P_06_MSSD_2_p+_3e14 162.5 4474
1 FZ200P_06_MSSD_2_p+_3e14 180.5 4671
1 FZ200P_06_MSSD_2_p+_3e14 193.5 4572
1 FZ200P_06_MSSD_2_p+_3e14 211.5 4564
1 FZ200P_06_MSSD_2_p+_3e14 212.5 4624
1 FZ200P_06_MSSD_2_p+_3e14 214.5 4498
1 FZ200P_06_MSSD_2_p+_3e14 220.0 4506
1 FZ200P_06_MSSD_2_p+_3e14 223.3 4616
1 FZ200P_06_MSSD_2_p+_3e14 224.0 4466
1 FZ200P_06_MSSD_2_p+_3e14 224.7 4647
1 FZ200P_06_MSSD_2_p+_3e14 228.8 4452
1 FZ200P_06_MSSD_2_p+_3e14 228.4 4500
1 FZ200P_06_MSSD_2_p+_3e14 228.4 4542
1 FZ200P_06_MSSD_2_p+_3e14 229.2 4492
1 FZ200P_06_MSSD_2_p+_3e14 229.2 4518
1 FZ200P_06_MSSD_2_p+_3e14 229.2 4610
1 FZ200P_06_MSSD_2_p+_3e14 230.0 4444
1 FZ200P_06_MSSD_2_p+_3e14 230.0 4468
1 FZ200P_06_MSSD_2_p+_3e14 230.0 4526
1 FZ200P_06_MSSD_2_p+_3e14 230.0 4550
1 FZ200P_06_MSSD_2_p+_3e14 230.5 4556
1 FZ200P_06_MSSD_2_p+_3e14 230.0 4574
1 FZ200P_06_MSSD_2_p+_3e14 230.0 4602
1 FZ200P_06_MSSD_2_p+_3e14 231.5 4476
1 FZ200P_06_MSSD_2_p+_3e14 231.6 4628
1 FZ200P_06_MSSD_2_p+_3e14 232.5 4558
1 FZ200P_06_MSSD_2_p+_3e14 232.0 4566
1 FZ200P_06_MSSD_2_p+_3e14 232.0 4665
1 FZ200P_06_MSSD_2_p+_3e14 233.6 4618
1 FZ200P_06_MSSD_2_p+_3e14 233.0 4673
1 FZ200P_06_MSSD_2_p+_3e14 234.0 4534
1 FZ200P_06_MSSD_2_p+_3e14 234.4 4594
1 FZ200P_06_MSSD_2_p+_3e14 234.2 4599
1 FZ200P_06_MSSD_2_p+_3e14 234.0 4636
1 FZ200P_06_MSSD_2_p+_3e14 234.5 4649
1 FZ200P_06_MSSD_2_p+_3e14 235.2 4460
1 FZ200P_06_MSSD_2_p+_3e14 235.0 4657
1 FZ200P_06_MSSD_2_p+_3e14 236.0 4484
1 FZ200P_06_MSSD_2_p+_3e14 236.5 4548
1 FZ200P_06_MSSD_2_p+_3e14 240.0 4540
1 FZ200P_06_MSSD_2_p+_3e14 242.0 4508
1 FZ200P_06_MSSD_2_p+_3e14 243.0 4532
1 FZ200P_06_MSSD_2_p+_3e14 243.0 4608
1 FZ200P_06_MSSD_2_p+_3e14 243.0 4634
1 FZ200P_06_MSSD_2_p+_3e14 250.5 4642
1 FZ200P_06_MSSD_2_p+_3e14 252.0 4482
1 FZ200P_06_MSSD_2_p+_3e14 254.5 4514
1 FZ200P_06_MSSD_2_p+_3e14 262.0 4524
1 FZ200P_06_MSSD_2_p+_3e14 268.0 4490
1 FZ200P_06_MSSD_2_p+_3e14 269.9 4678
1 FZ200P_06_MSSD_2_p+_3e14 277.0 4458
1 FZ200P_06_MSSD_2_p+_3e14 277.5 4663
1 FZ200P_06_MSSD_2_p+_3e14 301.4 4445
1 FZ200P_06_MSSD_2_p+_3e14 301.7 4453
1 FZ200P_06_MSSD_2_p+_3e14 301.8 4461
1 FZ200P_06_MSSD_2_p+_3e14 301.6 4469
1 FZ200P_06_MSSD_2_p+_3e14 301.7 4477
1 FZ200P_06_MSSD_2_p+_3e14 301.7 4485
1 FZ200P_06_MSSD_2_p+_3e14 301.7 4493
1 FZ200P_06_MSSD_2_p+_3e14 301.8 4501
1 FZ200P_06_MSSD_2_p+_3e14 301.8 4519
1 FZ200P_06_MSSD_2_p+_3e14 301.7 4527
1 FZ200P_06_MSSD_2_p+_3e14 301.8 4535
1 FZ200P_06_MSSD_2_p+_3e14 301.9 4543
1 FZ200P_06_MSSD_2_p+_3e14 301.8 4551
1 FZ200P_06_MSSD_2_p+_3e14 301.7 4559
1 FZ200P_06_MSSD_2_p+_3e14 301.7 4567
1 FZ200P_06_MSSD_2_p+_3e14 301.7 4575
1 FZ200P_06_MSSD_2_p+_3e14 301.9 4595
1 FZ200P_06_MSSD_2_p+_3e14 301.8 4603
1 FZ200P_06_MSSD_2_p+_3e14 301.8 4611
1 FZ200P_06_MSSD_2_p+_3e14 301.8 4619
1 FZ200P_06_MSSD_2_p+_3e14 301.8 4629
1 FZ200P_06_MSSD_2_p+_3e14 301.9 4637
1 FZ200P_06_MSSD_2_p+_3e14 301.8 4650
1 FZ200P_06_MSSD_2_p+_3e14 301.8 4658
1 FZ200P_06_MSSD_2_p+_3e14 301.8 4666
1 FZ200P_06_MSSD_2_p+_3e14 301.9 4674
1 FZ200P_06_MSSD_2_p+_3e14 382.8 4528
1 FZ200P_06_MSSD_2_p+_3e14 383.6 4612
1 FZ200P_06_MSSD_2_p+_3e14 384.3 4462
1 FZ200P_06_MSSD_2_p+_3e14 384.3 4486
1 FZ200P_06_MSSD_2_p+_3e14 384.4 4604
1 FZ200P_06_MSSD_2_p+_3e14 385.3 4544
1 FZ200P_06_MSSD_2_p+_3e14 385.3 4576
1 FZ200P_06_MSSD_2_p+_3e14 385.0 4596
1 FZ200P_06_MSSD_2_p+_3e14 385.7 4667
1 FZ200P_06_MSSD_2_p+_3e14 386.8 4478
1 FZ200P_06_MSSD_2_p+_3e14 386.0 4502
1 FZ200P_06_MSSD_2_p+_3e14 386.8 4536
1 FZ200P_06_MSSD_2_p+_3e14 386.8 4560
1 FZ200P_06_MSSD_2_p+_3e14 387.3 4446
1 FZ200P_06_MSSD_2_p+_3e14 387.0 4470
1 FZ200P_06_MSSD_2_p+_3e14 387.0 4494
1 FZ200P_06_MSSD_2_p+_3e14 387.0 4630
1 FZ200P_06_MSSD_2_p+_3e14 387.6 4651
1 FZ200P_06_MSSD_2_p+_3e14 388.0 4520
1 FZ200P_06_MSSD_2_p+_3e14 388.8 4552
1 FZ200P_06_MSSD_2_p+_3e14 388.7 4620
1 FZ200P_06_MSSD_2_p+_3e14 388.3 4659
1 FZ200P_06_MSSD_2_p+_3e14 388.4 4675
1 FZ200P_06_MSSD_2_p+_3e14 389.0 4454
1 FZ200P_06_MSSD_2_p+_3e14 389.2 4510
1 FZ200P_06_MSSD_2_p+_3e14 389.2 4568
1 FZ200P_06_MSSD_2_p+_3e14 390.0 4638
1 FZ200P_06_MSSD_2_p+_3e14 515.7 4449
1 FZ200P_06_MSSD_2_p+_3e14 592.7 4447
1 FZ200P_06_MSSD_2_p+_3e14 592.1 4511
1 FZ200P_06_MSSD_2_p+_3e14 597.6 4471
1 FZ200P_06_MSSD_2_p+_3e14 597.4 4577
1 FZ200P_06_MSSD_2_p+_3e14 597.9 4631
1 FZ200P_06_MSSD_2_p+_3e14 597.6 4639
1 FZ200P_06_MSSD_2_p+_3e14 598.0 4463
1 FZ200P_06_MSSD_2_p+_3e14 598.3 4479
1 FZ200P_06_MSSD_2_p+_3e14 598.2 4487
1 FZ200P_06_MSSD_2_p+_3e14 598.6 4537
1 FZ200P_06_MSSD_2_p+_3e14 598.0 4545
1 FZ200P_06_MSSD_2_p+_3e14 598.9 4553
1 FZ200P_06_MSSD_2_p+_3e14 598.0 4561
1 FZ200P_06_MSSD_2_p+_3e14 598.2 4569
1 FZ200P_06_MSSD_2_p+_3e14 598.1 4597
1 FZ200P_06_MSSD_2_p+_3e14 598.6 4605
1 FZ200P_06_MSSD_2_p+_3e14 598.5 4613
1 FZ200P_06_MSSD_2_p+_3e14 598.5 4621
1 FZ200P_06_MSSD_2_p+_3e14 598.1 4660
1 FZ200P_06_MSSD_2_p+_3e14 598.1 4668
1 FZ200P_06_MSSD_2_p+_3e14 599.8 4455
1 FZ200P_06_MSSD_2_p+_3e14 599.5 4521
1 FZ200P_06_MSSD_2_p+_3e14 599.6 4529
1 FZ200P_06_MSSD_2_p+_3e14 599.1 4652
1 FZ200P_06_MSSD_2_p+_3e14 599.4 4676
1 FZ200P_06_MSSD_2_p+_3e14 663.0 4504
1 FZ200P_06_MSSD_2_p+_3e14 678.5 4448
1 FZ200P_06_MSSD_2_p+_3e14 678.0 4488
1 FZ200P_06_MSSD_2_p+_3e14 678.0 4512
1 FZ200P_06_MSSD_2_p+_3e14 678.0 4570
1 FZ200P_06_MSSD_2_p+_3e14 679.2 4480
1 FZ200P_06_MSSD_2_p+_3e14 679.2 4606
1 FZ200P_06_MSSD_2_p+_3e14 679.0 4632
1 FZ200P_06_MSSD_2_p+_3e14 680.0 4562
1 FZ200P_06_MSSD_2_p+_3e14 680.5 4614
1 FZ200P_06_MSSD_2_p+_3e14 681.6 4472
1 FZ200P_06_MSSD_2_p+_3e14 681.6 4496
1 FZ200P_06_MSSD_2_p+_3e14 681.6 4522
1 FZ200P_06_MSSD_2_p+_3e14 681.5 4530
1 FZ200P_06_MSSD_2_p+_3e14 681.6 4622
1 FZ200P_06_MSSD_2_p+_3e14 682.0 4538
1 FZ200P_06_MSSD_2_p+_3e14 682.0 4661
1 FZ200P_06_MSSD_2_p+_3e14 683.5 4464
1 FZ200P_06_MSSD_2_p+_3e14 683.5 4640
1 FZ200P_06_MSSD_2_p+_3e14 684.0 4546
1 FZ200P_06_MSSD_2_p+_3e14 684.0 4598
1 FZ200P_06_MSSD_2_p+_3e14 687.6 4653
1 FZ200P_06_MSSD_2_p+_3e14 687.3 4677
1 FZ200P_06_MSSD_2_p+_3e14 708.8 4669
1 FZ200P_06_MSSD_2_p+_3e14 763.2 4554
1 FZ200P_06_MSSD_2_p+_3e14 764.0 4456
1 FZ200P_06_MSSD_2_p+_3e14 931.9 4505
1 FZ200P_06_MSSD_2_p+_3e14 967.1 4497
1 FZ200P_06_MSSD_2_p+_3e14 975.6 4465
1 FZ200P_06_MSSD_2_p+_3e14 975.4 4481
1 FZ200P_06_MSSD_2_p+_3e14 975.3 4489
1 FZ200P_06_MSSD_2_p+_3e14 976.6 4473
1 FZ200P_06_MSSD_2_p+_3e14 976.8 4539
1 FZ200P_06_MSSD_2_p+_3e14 976.0 4547
1 FZ200P_06_MSSD_2_p+_3e14 976.2 4563
1 FZ200P_06_MSSD_2_p+_3e14 977.6 4623
1 FZ200P_06_MSSD_2_p+_3e14 978.1 4571
1 FZ200P_06_MSSD_2_p+_3e14 978.4 4607
1 FZ200P_06_MSSD_2_p+_3e14 978.9 4641
1 FZ200P_06_MSSD_2_p+_3e14 980.8 4531
1 FZ200P_06_MSSD_2_p+_3e14 980.6 4633
1 FZ200P_06_MSSD_2_p+_3e14 983.0 4523
1 FZ200P_06_MSSD_2_p+_3e14 984.1 4457
1 FZ200P_06_MSSD_2_p+_3e14 986.4 4662
1 FZ200P_06_MSSD_2_p+_3e14 987.7 4513
1 FZ200P_06_MSSD_2_p+_3e14 989.0 4555
1 FZ200P_06_MSSD_2_p+_3e14 990.4 4670
1 FZ200P_06_MSSD_2_p+_3e14 998.5 4644
1 FZ200P_06_MSSD_2_p+_3e14 998.7 4645
1 FZ200P_06_MSSD_2_p+_3e14 998.9 4646