2 FZ200Y_10_MSSD_2_p+_3e14 0.0 4433
2 FZ200Y_10_MSSD_2_p+_3e14 0.0 4441
2 FZ200Y_10_MSSD_2_p+_3e14 0.0 4585
2 FZ200Y_10_MSSD_2_p+_3e14 0.0 4586
2 FZ200Y_10_MSSD_2_p+_3e14 0.0 4587
2 FZ200Y_10_MSSD_2_p+_3e14 0.0 4588
2 FZ200Y_10_MSSD_2_p+_3e14 53.3 4589
2 FZ200Y_10_MSSD_2_p+_3e14 53.0 4590
2 FZ200Y_10_MSSD_2_p+_3e14 53.4 4591
2 FZ200Y_10_MSSD_2_p+_3e14 57.3 4449
2 FZ200Y_10_MSSD_2_p+_3e14 76.0 4450
2 FZ200Y_10_MSSD_2_p+_3e14 81.0 4442
2 FZ200Y_10_MSSD_2_p+_3e14 130.5 4592
2 FZ200Y_10_MSSD_2_p+_3e14 152.5 4514
2 FZ200Y_10_MSSD_2_p+_3e14 153.2 4443
2 FZ200Y_10_MSSD_2_p+_3e14 153.3 4451
2 FZ200Y_10_MSSD_2_p+_3e14 153.0 4458
2 FZ200Y_10_MSSD_2_p+_3e14 153.2 4459
2 FZ200Y_10_MSSD_2_p+_3e14 153.3 4467
2 FZ200Y_10_MSSD_2_p+_3e14 153.0 4474
2 FZ200Y_10_MSSD_2_p+_3e14 153.4 4475
2 FZ200Y_10_MSSD_2_p+_3e14 153.5 4482
2 FZ200Y_10_MSSD_2_p+_3e14 153.3 4483
2 FZ200Y_10_MSSD_2_p+_3e14 153.5 4490
2 FZ200Y_10_MSSD_2_p+_3e14 153.7 4491
2 FZ200Y_10_MSSD_2_p+_3e14 153.5 4498
2 FZ200Y_10_MSSD_2_p+_3e14 153.0 4506
2 FZ200Y_10_MSSD_2_p+_3e14 153.0 4516
2 FZ200Y_10_MSSD_2_p+_3e14 153.3 4517
2 FZ200Y_10_MSSD_2_p+_3e14 153.0 4524
2 FZ200Y_10_MSSD_2_p+_3e14 153.3 4525
2 FZ200Y_10_MSSD_2_p+_3e14 153.0 4532
2 FZ200Y_10_MSSD_2_p+_3e14 153.2 4533
2 FZ200Y_10_MSSD_2_p+_3e14 153.3 4541
2 FZ200Y_10_MSSD_2_p+_3e14 153.5 4548
2 FZ200Y_10_MSSD_2_p+_3e14 153.3 4549
2 FZ200Y_10_MSSD_2_p+_3e14 153.5 4556
2 FZ200Y_10_MSSD_2_p+_3e14 153.2 4557
2 FZ200Y_10_MSSD_2_p+_3e14 153.4 4565
2 FZ200Y_10_MSSD_2_p+_3e14 153.4 4573
2 FZ200Y_10_MSSD_2_p+_3e14 153.7 4593
2 FZ200Y_10_MSSD_2_p+_3e14 153.5 4600
2 FZ200Y_10_MSSD_2_p+_3e14 153.7 4601
2 FZ200Y_10_MSSD_2_p+_3e14 153.5 4608
2 FZ200Y_10_MSSD_2_p+_3e14 153.8 4609
2 FZ200Y_10_MSSD_2_p+_3e14 153.7 4617
2 FZ200Y_10_MSSD_2_p+_3e14 153.3 4626
2 FZ200Y_10_MSSD_2_p+_3e14 153.5 4627
2 FZ200Y_10_MSSD_2_p+_3e14 153.5 4634
2 FZ200Y_10_MSSD_2_p+_3e14 153.6 4635
2 FZ200Y_10_MSSD_2_p+_3e14 153.3 4647
2 FZ200Y_10_MSSD_2_p+_3e14 153.6 4648
2 FZ200Y_10_MSSD_2_p+_3e14 153.7 4656
2 FZ200Y_10_MSSD_2_p+_3e14 153.5 4663
2 FZ200Y_10_MSSD_2_p+_3e14 153.6 4664
2 FZ200Y_10_MSSD_2_p+_3e14 153.5 4671
2 FZ200Y_10_MSSD_2_p+_3e14 153.6 4672
2 FZ200Y_10_MSSD_2_p+_3e14 154.0 4466
2 FZ200Y_10_MSSD_2_p+_3e14 154.0 4540
2 FZ200Y_10_MSSD_2_p+_3e14 154.0 4564
2 FZ200Y_10_MSSD_2_p+_3e14 154.0 4572
2 FZ200Y_10_MSSD_2_p+_3e14 154.0 4616
2 FZ200Y_10_MSSD_2_p+_3e14 154.0 4624
2 FZ200Y_10_MSSD_2_p+_3e14 154.0 4642
2 FZ200Y_10_MSSD_2_p+_3e14 154.0 4655
2 FZ200Y_10_MSSD_2_p+_3e14 229.2 4452
2 FZ200Y_10_MSSD_2_p+_3e14 229.6 4500
2 FZ200Y_10_MSSD_2_p+_3e14 229.2 4518
2 FZ200Y_10_MSSD_2_p+_3e14 229.6 4542
2 FZ200Y_10_MSSD_2_p+_3e14 230.0 4444
2 FZ200Y_10_MSSD_2_p+_3e14 230.0 4468
2 FZ200Y_10_MSSD_2_p+_3e14 230.0 4492
2 FZ200Y_10_MSSD_2_p+_3e14 230.0 4526
2 FZ200Y_10_MSSD_2_p+_3e14 230.4 4550
2 FZ200Y_10_MSSD_2_p+_3e14 230.5 4574
2 FZ200Y_10_MSSD_2_p+_3e14 230.0 4602
2 FZ200Y_10_MSSD_2_p+_3e14 230.0 4610
2 FZ200Y_10_MSSD_2_p+_3e14 232.0 4476
2 FZ200Y_10_MSSD_2_p+_3e14 232.5 4558
2 FZ200Y_10_MSSD_2_p+_3e14 232.5 4665
2 FZ200Y_10_MSSD_2_p+_3e14 232.5 4673
2 FZ200Y_10_MSSD_2_p+_3e14 233.0 4566
2 FZ200Y_10_MSSD_2_p+_3e14 233.2 4628
2 FZ200Y_10_MSSD_2_p+_3e14 234.0 4534
2 FZ200Y_10_MSSD_2_p+_3e14 234.8 4594
2 FZ200Y_10_MSSD_2_p+_3e14 234.8 4618
2 FZ200Y_10_MSSD_2_p+_3e14 234.0 4649
2 FZ200Y_10_MSSD_2_p+_3e14 235.6 4460
2 FZ200Y_10_MSSD_2_p+_3e14 235.0 4636
2 FZ200Y_10_MSSD_2_p+_3e14 235.5 4657
2 FZ200Y_10_MSSD_2_p+_3e14 236.0 4484
2 FZ200Y_10_MSSD_2_p+_3e14 242.8 4508
2 FZ200Y_10_MSSD_2_p+_3e14 303.2 4445
2 FZ200Y_10_MSSD_2_p+_3e14 303.3 4453
2 FZ200Y_10_MSSD_2_p+_3e14 303.3 4461
2 FZ200Y_10_MSSD_2_p+_3e14 303.5 4469
2 FZ200Y_10_MSSD_2_p+_3e14 303.3 4477
2 FZ200Y_10_MSSD_2_p+_3e14 303.4 4485
2 FZ200Y_10_MSSD_2_p+_3e14 303.5 4493
2 FZ200Y_10_MSSD_2_p+_3e14 303.4 4501
2 FZ200Y_10_MSSD_2_p+_3e14 303.5 4519
2 FZ200Y_10_MSSD_2_p+_3e14 303.3 4527
2 FZ200Y_10_MSSD_2_p+_3e14 303.3 4535
2 FZ200Y_10_MSSD_2_p+_3e14 303.3 4543
2 FZ200Y_10_MSSD_2_p+_3e14 303.3 4551
2 FZ200Y_10_MSSD_2_p+_3e14 303.3 4559
2 FZ200Y_10_MSSD_2_p+_3e14 303.5 4567
2 FZ200Y_10_MSSD_2_p+_3e14 303.4 4575
2 FZ200Y_10_MSSD_2_p+_3e14 303.7 4595
2 FZ200Y_10_MSSD_2_p+_3e14 303.8 4603
2 FZ200Y_10_MSSD_2_p+_3e14 303.7 4611
2 FZ200Y_10_MSSD_2_p+_3e14 303.7 4619
2 FZ200Y_10_MSSD_2_p+_3e14 303.6 4629
2 FZ200Y_10_MSSD_2_p+_3e14 303.7 4637
2 FZ200Y_10_MSSD_2_p+_3e14 303.6 4650
2 FZ200Y_10_MSSD_2_p+_3e14 303.9 4658
2 FZ200Y_10_MSSD_2_p+_3e14 303.6 4666
2 FZ200Y_10_MSSD_2_p+_3e14 303.7 4674
2 FZ200Y_10_MSSD_2_p+_3e14 384.7 4486
2 FZ200Y_10_MSSD_2_p+_3e14 384.4 4528
2 FZ200Y_10_MSSD_2_p+_3e14 384.8 4612
2 FZ200Y_10_MSSD_2_p+_3e14 385.0 4462
2 FZ200Y_10_MSSD_2_p+_3e14 386.0 4502
2 FZ200Y_10_MSSD_2_p+_3e14 386.8 4536
2 FZ200Y_10_MSSD_2_p+_3e14 386.7 4576
2 FZ200Y_10_MSSD_2_p+_3e14 386.3 4596
2 FZ200Y_10_MSSD_2_p+_3e14 386.0 4604
2 FZ200Y_10_MSSD_2_p+_3e14 386.3 4667
2 FZ200Y_10_MSSD_2_p+_3e14 387.6 4478
2 FZ200Y_10_MSSD_2_p+_3e14 387.0 4544
2 FZ200Y_10_MSSD_2_p+_3e14 387.6 4560
2 FZ200Y_10_MSSD_2_p+_3e14 387.7 4630
2 FZ200Y_10_MSSD_2_p+_3e14 387.6 4651
2 FZ200Y_10_MSSD_2_p+_3e14 388.0 4446
2 FZ200Y_10_MSSD_2_p+_3e14 388.0 4470
2 FZ200Y_10_MSSD_2_p+_3e14 388.0 4494
2 FZ200Y_10_MSSD_2_p+_3e14 388.7 4659
2 FZ200Y_10_MSSD_2_p+_3e14 389.6 4510
2 FZ200Y_10_MSSD_2_p+_3e14 389.6 4520
2 FZ200Y_10_MSSD_2_p+_3e14 389.0 4620
2 FZ200Y_10_MSSD_2_p+_3e14 389.6 4675
2 FZ200Y_10_MSSD_2_p+_3e14 390.0 4454
2 FZ200Y_10_MSSD_2_p+_3e14 390.0 4552
2 FZ200Y_10_MSSD_2_p+_3e14 390.0 4568
2 FZ200Y_10_MSSD_2_p+_3e14 390.4 4638
2 FZ200Y_10_MSSD_2_p+_3e14 560.2 4678
2 FZ200Y_10_MSSD_2_p+_3e14 594.4 4447
2 FZ200Y_10_MSSD_2_p+_3e14 594.0 4511
2 FZ200Y_10_MSSD_2_p+_3e14 599.9 4463
2 FZ200Y_10_MSSD_2_p+_3e14 599.5 4471
2 FZ200Y_10_MSSD_2_p+_3e14 599.9 4545
2 FZ200Y_10_MSSD_2_p+_3e14 599.8 4561
2 FZ200Y_10_MSSD_2_p+_3e14 599.1 4577
2 FZ200Y_10_MSSD_2_p+_3e14 599.8 4631
2 FZ200Y_10_MSSD_2_p+_3e14 599.6 4639
2 FZ200Y_10_MSSD_2_p+_3e14 600.1 4479
2 FZ200Y_10_MSSD_2_p+_3e14 600.2 4487
2 FZ200Y_10_MSSD_2_p+_3e14 600.2 4537
2 FZ200Y_10_MSSD_2_p+_3e14 600.8 4553
2 FZ200Y_10_MSSD_2_p+_3e14 600.0 4569
2 FZ200Y_10_MSSD_2_p+_3e14 600.1 4597
2 FZ200Y_10_MSSD_2_p+_3e14 600.6 4605
2 FZ200Y_10_MSSD_2_p+_3e14 600.5 4613
2 FZ200Y_10_MSSD_2_p+_3e14 600.4 4621
2 FZ200Y_10_MSSD_2_p+_3e14 600.1 4660
2 FZ200Y_10_MSSD_2_p+_3e14 600.0 4668
2 FZ200Y_10_MSSD_2_p+_3e14 601.6 4455
2 FZ200Y_10_MSSD_2_p+_3e14 601.2 4521
2 FZ200Y_10_MSSD_2_p+_3e14 601.4 4529
2 FZ200Y_10_MSSD_2_p+_3e14 601.1 4652
2 FZ200Y_10_MSSD_2_p+_3e14 601.4 4676
2 FZ200Y_10_MSSD_2_p+_3e14 662.0 4504
2 FZ200Y_10_MSSD_2_p+_3e14 678.8 4512
2 FZ200Y_10_MSSD_2_p+_3e14 679.5 4488
2 FZ200Y_10_MSSD_2_p+_3e14 679.0 4570
2 FZ200Y_10_MSSD_2_p+_3e14 680.0 4448
2 FZ200Y_10_MSSD_2_p+_3e14 680.8 4480
2 FZ200Y_10_MSSD_2_p+_3e14 680.4 4562
2 FZ200Y_10_MSSD_2_p+_3e14 680.0 4606
2 FZ200Y_10_MSSD_2_p+_3e14 680.0 4632
2 FZ200Y_10_MSSD_2_p+_3e14 681.2 4522
2 FZ200Y_10_MSSD_2_p+_3e14 681.5 4530
2 FZ200Y_10_MSSD_2_p+_3e14 681.6 4622
2 FZ200Y_10_MSSD_2_p+_3e14 682.8 4472
2 FZ200Y_10_MSSD_2_p+_3e14 682.0 4614
2 FZ200Y_10_MSSD_2_p+_3e14 683.2 4496
2 FZ200Y_10_MSSD_2_p+_3e14 683.2 4661
2 FZ200Y_10_MSSD_2_p+_3e14 684.0 4464
2 FZ200Y_10_MSSD_2_p+_3e14 684.0 4538
2 FZ200Y_10_MSSD_2_p+_3e14 684.0 4546
2 FZ200Y_10_MSSD_2_p+_3e14 684.0 4598
2 FZ200Y_10_MSSD_2_p+_3e14 684.0 4640
2 FZ200Y_10_MSSD_2_p+_3e14 688.0 4653
2 FZ200Y_10_MSSD_2_p+_3e14 688.0 4677
2 FZ200Y_10_MSSD_2_p+_3e14 710.0 4669
2 FZ200Y_10_MSSD_2_p+_3e14 763.2 4554
2 FZ200Y_10_MSSD_2_p+_3e14 764.8 4456
2 FZ200Y_10_MSSD_2_p+_3e14 933.4 4505
2 FZ200Y_10_MSSD_2_p+_3e14 968.9 4497
2 FZ200Y_10_MSSD_2_p+_3e14 977.7 4465
2 FZ200Y_10_MSSD_2_p+_3e14 977.6 4481
2 FZ200Y_10_MSSD_2_p+_3e14 977.4 4489
2 FZ200Y_10_MSSD_2_p+_3e14 978.5 4473
2 FZ200Y_10_MSSD_2_p+_3e14 978.9 4539
2 FZ200Y_10_MSSD_2_p+_3e14 978.0 4547
2 FZ200Y_10_MSSD_2_p+_3e14 978.3 4563
2 FZ200Y_10_MSSD_2_p+_3e14 979.0 4599
2 FZ200Y_10_MSSD_2_p+_3e14 979.5 4623
2 FZ200Y_10_MSSD_2_p+_3e14 980.3 4571
2 FZ200Y_10_MSSD_2_p+_3e14 980.9 4607
2 FZ200Y_10_MSSD_2_p+_3e14 980.9 4641
2 FZ200Y_10_MSSD_2_p+_3e14 982.7 4531
2 FZ200Y_10_MSSD_2_p+_3e14 982.4 4633
2 FZ200Y_10_MSSD_2_p+_3e14 985.0 4523
2 FZ200Y_10_MSSD_2_p+_3e14 986.4 4457
2 FZ200Y_10_MSSD_2_p+_3e14 988.6 4662
2 FZ200Y_10_MSSD_2_p+_3e14 989.8 4513
2 FZ200Y_10_MSSD_2_p+_3e14 991.3 4555
2 FZ200Y_10_MSSD_2_p+_3e14 992.6 4670
2 FZ200Y_10_MSSD_2_p+_3e14 1001.5 4644
2 FZ200Y_10_MSSD_2_p+_3e14 1001.3 4645
2 FZ200Y_10_MSSD_2_p+_3e14 1001.8 4646
