0 MCZ200P_07_MSSD_2_p+_3e14 0.0 4433
0 MCZ200P_07_MSSD_2_p+_3e14 0.0 4441
0 MCZ200P_07_MSSD_2_p+_3e14 0.0 4585
0 MCZ200P_07_MSSD_2_p+_3e14 0.0 4586
0 MCZ200P_07_MSSD_2_p+_3e14 0.0 4587
0 MCZ200P_07_MSSD_2_p+_3e14 0.0 4588
0 MCZ200P_07_MSSD_2_p+_3e14 50.3 4589
0 MCZ200P_07_MSSD_2_p+_3e14 50.0 4590
0 MCZ200P_07_MSSD_2_p+_3e14 50.3 4591
0 MCZ200P_07_MSSD_2_p+_3e14 83.5 4442
0 MCZ200P_07_MSSD_2_p+_3e14 130.0 4592
0 MCZ200P_07_MSSD_2_p+_3e14 150.1 4443
0 MCZ200P_07_MSSD_2_p+_3e14 150.0 4450
0 MCZ200P_07_MSSD_2_p+_3e14 150.1 4451
0 MCZ200P_07_MSSD_2_p+_3e14 150.0 4458
0 MCZ200P_07_MSSD_2_p+_3e14 150.0 4459
0 MCZ200P_07_MSSD_2_p+_3e14 150.0 4466
0 MCZ200P_07_MSSD_2_p+_3e14 150.1 4467
0 MCZ200P_07_MSSD_2_p+_3e14 150.0 4474
0 MCZ200P_07_MSSD_2_p+_3e14 150.1 4475
0 MCZ200P_07_MSSD_2_p+_3e14 150.0 4482
0 MCZ200P_07_MSSD_2_p+_3e14 150.1 4483
0 MCZ200P_07_MSSD_2_p+_3e14 150.0 4490
0 MCZ200P_07_MSSD_2_p+_3e14 150.1 4491
0 MCZ200P_07_MSSD_2_p+_3e14 150.0 4498
0 MCZ200P_07_MSSD_2_p+_3e14 150.5 4506
0 MCZ200P_07_MSSD_2_p+_3e14 150.0 4514
0 MCZ200P_07_MSSD_2_p+_3e14 150.0 4516
0 MCZ200P_07_MSSD_2_p+_3e14 150.1 4517
0 MCZ200P_07_MSSD_2_p+_3e14 150.0 4524
0 MCZ200P_07_MSSD_2_p+_3e14 150.1 4525
0 MCZ200P_07_MSSD_2_p+_3e14 150.0 4532
0 MCZ200P_07_MSSD_2_p+_3e14 150.1 4533
0 MCZ200P_07_MSSD_2_p+_3e14 150.0 4540
0 MCZ200P_07_MSSD_2_p+_3e14 150.1 4541
0 MCZ200P_07_MSSD_2_p+_3e14 150.0 4548
0 MCZ200P_07_MSSD_2_p+_3e14 150.0 4549
0 MCZ200P_07_MSSD_2_p+_3e14 150.5 4556
0 MCZ200P_07_MSSD_2_p+_3e14 150.1 4557
0 MCZ200P_07_MSSD_2_p+_3e14 150.5 4564
0 MCZ200P_07_MSSD_2_p+_3e14 150.1 4565
0 MCZ200P_07_MSSD_2_p+_3e14 150.5 4572
0 MCZ200P_07_MSSD_2_p+_3e14 150.1 4573
0 MCZ200P_07_MSSD_2_p+_3e14 150.1 4593
0 MCZ200P_07_MSSD_2_p+_3e14 150.0 4600
0 MCZ200P_07_MSSD_2_p+_3e14 150.2 4601
0 MCZ200P_07_MSSD_2_p+_3e14 150.0 4608
0 MCZ200P_07_MSSD_2_p+_3e14 150.1 4609
0 MCZ200P_07_MSSD_2_p+_3e14 150.0 4616
0 MCZ200P_07_MSSD_2_p+_3e14 150.1 4617
0 MCZ200P_07_MSSD_2_p+_3e14 150.0 4624
0 MCZ200P_07_MSSD_2_p+_3e14 150.7 4626
0 MCZ200P_07_MSSD_2_p+_3e14 150.3 4627
0 MCZ200P_07_MSSD_2_p+_3e14 150.5 4634
0 MCZ200P_07_MSSD_2_p+_3e14 150.1 4635
0 MCZ200P_07_MSSD_2_p+_3e14 150.0 4642
0 MCZ200P_07_MSSD_2_p+_3e14 150.0 4647
0 MCZ200P_07_MSSD_2_p+_3e14 150.1 4648
0 MCZ200P_07_MSSD_2_p+_3e14 150.0 4655
0 MCZ200P_07_MSSD_2_p+_3e14 150.2 4656
0 MCZ200P_07_MSSD_2_p+_3e14 150.0 4663
0 MCZ200P_07_MSSD_2_p+_3e14 150.3 4664
0 MCZ200P_07_MSSD_2_p+_3e14 150.5 4671
0 MCZ200P_07_MSSD_2_p+_3e14 150.2 4672
0 MCZ200P_07_MSSD_2_p+_3e14 228.0 4452
0 MCZ200P_07_MSSD_2_p+_3e14 228.4 4500
0 MCZ200P_07_MSSD_2_p+_3e14 228.4 4518
0 MCZ200P_07_MSSD_2_p+_3e14 228.0 4542
0 MCZ200P_07_MSSD_2_p+_3e14 228.4 4610
0 MCZ200P_07_MSSD_2_p+_3e14 229.6 4492
0 MCZ200P_07_MSSD_2_p+_3e14 229.2 4526
0 MCZ200P_07_MSSD_2_p+_3e14 230.0 4444
0 MCZ200P_07_MSSD_2_p+_3e14 230.0 4468
0 MCZ200P_07_MSSD_2_p+_3e14 230.0 4550
0 MCZ200P_07_MSSD_2_p+_3e14 230.0 4574
0 MCZ200P_07_MSSD_2_p+_3e14 230.0 4602
0 MCZ200P_07_MSSD_2_p+_3e14 231.5 4476
0 MCZ200P_07_MSSD_2_p+_3e14 231.6 4628
0 MCZ200P_07_MSSD_2_p+_3e14 231.5 4665
0 MCZ200P_07_MSSD_2_p+_3e14 232.5 4558
0 MCZ200P_07_MSSD_2_p+_3e14 232.5 4566
0 MCZ200P_07_MSSD_2_p+_3e14 233.5 4534
0 MCZ200P_07_MSSD_2_p+_3e14 233.5 4636
0 MCZ200P_07_MSSD_2_p+_3e14 233.0 4673
0 MCZ200P_07_MSSD_2_p+_3e14 234.0 4460
0 MCZ200P_07_MSSD_2_p+_3e14 234.0 4594
0 MCZ200P_07_MSSD_2_p+_3e14 234.0 4618
0 MCZ200P_07_MSSD_2_p+_3e14 234.0 4649
0 MCZ200P_07_MSSD_2_p+_3e14 234.0 4657
0 MCZ200P_07_MSSD_2_p+_3e14 235.5 4484
0 MCZ200P_07_MSSD_2_p+_3e14 242.0 4508
0 MCZ200P_07_MSSD_2_p+_3e14 300.4 4445
0 MCZ200P_07_MSSD_2_p+_3e14 300.4 4453
0 MCZ200P_07_MSSD_2_p+_3e14 300.4 4461
0 MCZ200P_07_MSSD_2_p+_3e14 300.3 4469
0 MCZ200P_07_MSSD_2_p+_3e14 300.4 4477
0 MCZ200P_07_MSSD_2_p+_3e14 300.4 4485
0 MCZ200P_07_MSSD_2_p+_3e14 300.4 4493
0 MCZ200P_07_MSSD_2_p+_3e14 300.5 4501
0 MCZ200P_07_MSSD_2_p+_3e14 300.4 4519
0 MCZ200P_07_MSSD_2_p+_3e14 300.3 4527
0 MCZ200P_07_MSSD_2_p+_3e14 300.4 4535
0 MCZ200P_07_MSSD_2_p+_3e14 300.4 4543
0 MCZ200P_07_MSSD_2_p+_3e14 300.5 4551
0 MCZ200P_07_MSSD_2_p+_3e14 300.6 4559
0 MCZ200P_07_MSSD_2_p+_3e14 300.5 4567
0 MCZ200P_07_MSSD_2_p+_3e14 300.4 4575
0 MCZ200P_07_MSSD_2_p+_3e14 300.7 4595
0 MCZ200P_07_MSSD_2_p+_3e14 300.7 4603
0 MCZ200P_07_MSSD_2_p+_3e14 300.6 4611
0 MCZ200P_07_MSSD_2_p+_3e14 300.6 4619
0 MCZ200P_07_MSSD_2_p+_3e14 300.7 4629
0 MCZ200P_07_MSSD_2_p+_3e14 300.6 4637
0 MCZ200P_07_MSSD_2_p+_3e14 300.6 4650
0 MCZ200P_07_MSSD_2_p+_3e14 300.8 4658
0 MCZ200P_07_MSSD_2_p+_3e14 300.8 4666
0 MCZ200P_07_MSSD_2_p+_3e14 300.7 4674
0 MCZ200P_07_MSSD_2_p+_3e14 382.8 4528
0 MCZ200P_07_MSSD_2_p+_3e14 383.6 4612
0 MCZ200P_07_MSSD_2_p+_3e14 384.3 4462
0 MCZ200P_07_MSSD_2_p+_3e14 384.3 4486
0 MCZ200P_07_MSSD_2_p+_3e14 385.7 4502
0 MCZ200P_07_MSSD_2_p+_3e14 385.7 4596
0 MCZ200P_07_MSSD_2_p+_3e14 385.2 4604
0 MCZ200P_07_MSSD_2_p+_3e14 386.7 4494
0 MCZ200P_07_MSSD_2_p+_3e14 386.0 4544
0 MCZ200P_07_MSSD_2_p+_3e14 386.0 4576
0 MCZ200P_07_MSSD_2_p+_3e14 386.0 4667
0 MCZ200P_07_MSSD_2_p+_3e14 387.0 4446
0 MCZ200P_07_MSSD_2_p+_3e14 387.7 4470
0 MCZ200P_07_MSSD_2_p+_3e14 387.6 4478
0 MCZ200P_07_MSSD_2_p+_3e14 387.6 4536
0 MCZ200P_07_MSSD_2_p+_3e14 387.2 4560
0 MCZ200P_07_MSSD_2_p+_3e14 387.0 4630
0 MCZ200P_07_MSSD_2_p+_3e14 387.6 4651
0 MCZ200P_07_MSSD_2_p+_3e14 388.4 4510
0 MCZ200P_07_MSSD_2_p+_3e14 388.0 4520
0 MCZ200P_07_MSSD_2_p+_3e14 388.0 4620
0 MCZ200P_07_MSSD_2_p+_3e14 388.0 4659
0 MCZ200P_07_MSSD_2_p+_3e14 388.4 4675
0 MCZ200P_07_MSSD_2_p+_3e14 389.2 4568
0 MCZ200P_07_MSSD_2_p+_3e14 389.6 4638
0 MCZ200P_07_MSSD_2_p+_3e14 390.0 4454
0 MCZ200P_07_MSSD_2_p+_3e14 390.0 4552
0 MCZ200P_07_MSSD_2_p+_3e14 591.7 4447
0 MCZ200P_07_MSSD_2_p+_3e14 591.1 4511
0 MCZ200P_07_MSSD_2_p+_3e14 596.8 4463
0 MCZ200P_07_MSSD_2_p+_3e14 596.4 4471
0 MCZ200P_07_MSSD_2_p+_3e14 596.8 4545
0 MCZ200P_07_MSSD_2_p+_3e14 596.6 4561
0 MCZ200P_07_MSSD_2_p+_3e14 596.9 4569
0 MCZ200P_07_MSSD_2_p+_3e14 596.1 4577
0 MCZ200P_07_MSSD_2_p+_3e14 596.8 4639
0 MCZ200P_07_MSSD_2_p+_3e14 597.0 4479
0 MCZ200P_07_MSSD_2_p+_3e14 597.0 4487
0 MCZ200P_07_MSSD_2_p+_3e14 597.5 4537
0 MCZ200P_07_MSSD_2_p+_3e14 597.7 4553
0 MCZ200P_07_MSSD_2_p+_3e14 597.2 4597
0 MCZ200P_07_MSSD_2_p+_3e14 597.7 4605
0 MCZ200P_07_MSSD_2_p+_3e14 597.6 4613
0 MCZ200P_07_MSSD_2_p+_3e14 597.6 4621
0 MCZ200P_07_MSSD_2_p+_3e14 597.1 4631
0 MCZ200P_07_MSSD_2_p+_3e14 597.3 4660
0 MCZ200P_07_MSSD_2_p+_3e14 597.3 4668
0 MCZ200P_07_MSSD_2_p+_3e14 598.5 4455
0 MCZ200P_07_MSSD_2_p+_3e14 598.2 4521
0 MCZ200P_07_MSSD_2_p+_3e14 598.4 4529
0 MCZ200P_07_MSSD_2_p+_3e14 598.2 4652
0 MCZ200P_07_MSSD_2_p+_3e14 598.5 4676
0 MCZ200P_07_MSSD_2_p+_3e14 637.0 4678
0 MCZ200P_07_MSSD_2_p+_3e14 662.5 4504
0 MCZ200P_07_MSSD_2_p+_3e14 677.5 4570
0 MCZ200P_07_MSSD_2_p+_3e14 678.0 4488
0 MCZ200P_07_MSSD_2_p+_3e14 678.0 4512
0 MCZ200P_07_MSSD_2_p+_3e14 678.4 4606
0 MCZ200P_07_MSSD_2_p+_3e14 678.5 4632
0 MCZ200P_07_MSSD_2_p+_3e14 679.2 4562
0 MCZ200P_07_MSSD_2_p+_3e14 680.0 4448
0 MCZ200P_07_MSSD_2_p+_3e14 680.0 4480
0 MCZ200P_07_MSSD_2_p+_3e14 680.4 4522
0 MCZ200P_07_MSSD_2_p+_3e14 680.8 4622
0 MCZ200P_07_MSSD_2_p+_3e14 681.5 4530
0 MCZ200P_07_MSSD_2_p+_3e14 681.0 4614
0 MCZ200P_07_MSSD_2_p+_3e14 682.5 4464
0 MCZ200P_07_MSSD_2_p+_3e14 682.0 4472
0 MCZ200P_07_MSSD_2_p+_3e14 682.0 4496
0 MCZ200P_07_MSSD_2_p+_3e14 682.0 4538
0 MCZ200P_07_MSSD_2_p+_3e14 682.4 4661
0 MCZ200P_07_MSSD_2_p+_3e14 683.0 4546
0 MCZ200P_07_MSSD_2_p+_3e14 683.0 4640
0 MCZ200P_07_MSSD_2_p+_3e14 684.0 4598
0 MCZ200P_07_MSSD_2_p+_3e14 686.0 4653
0 MCZ200P_07_MSSD_2_p+_3e14 686.7 4677
0 MCZ200P_07_MSSD_2_p+_3e14 708.8 4669
0 MCZ200P_07_MSSD_2_p+_3e14 762.4 4554
0 MCZ200P_07_MSSD_2_p+_3e14 764.0 4456
0 MCZ200P_07_MSSD_2_p+_3e14 931.9 4505
0 MCZ200P_07_MSSD_2_p+_3e14 966.7 4497
0 MCZ200P_07_MSSD_2_p+_3e14 974.9 4489
0 MCZ200P_07_MSSD_2_p+_3e14 975.2 4465
0 MCZ200P_07_MSSD_2_p+_3e14 975.1 4481
0 MCZ200P_07_MSSD_2_p+_3e14 975.5 4547
0 MCZ200P_07_MSSD_2_p+_3e14 975.8 4563
0 MCZ200P_07_MSSD_2_p+_3e14 976.9 4449
0 MCZ200P_07_MSSD_2_p+_3e14 976.1 4473
0 MCZ200P_07_MSSD_2_p+_3e14 976.4 4539
0 MCZ200P_07_MSSD_2_p+_3e14 976.4 4623
0 MCZ200P_07_MSSD_2_p+_3e14 977.5 4571
0 MCZ200P_07_MSSD_2_p+_3e14 977.4 4599
0 MCZ200P_07_MSSD_2_p+_3e14 977.3 4607
0 MCZ200P_07_MSSD_2_p+_3e14 977.5 4641
0 MCZ200P_07_MSSD_2_p+_3e14 979.1 4633
0 MCZ200P_07_MSSD_2_p+_3e14 980.4 4531
0 MCZ200P_07_MSSD_2_p+_3e14 982.4 4523
0 MCZ200P_07_MSSD_2_p+_3e14 983.7 4457
0 MCZ200P_07_MSSD_2_p+_3e14 985.1 4662
0 MCZ200P_07_MSSD_2_p+_3e14 987.2 4513
0 MCZ200P_07_MSSD_2_p+_3e14 988.7 4555
0 MCZ200P_07_MSSD_2_p+_3e14 989.0 4670
0 MCZ200P_07_MSSD_2_p+_3e14 998.0 4644
0 MCZ200P_07_MSSD_2_p+_3e14 998.0 4645
0 MCZ200P_07_MSSD_2_p+_3e14 998.0 4646
