5897 24 21 22 23
5896 24 21 22 23
5895 24 21 22 23
5894 24 21 22 23
5893 24 21 22 23
5892 24 21 22 23
5891 24 21 22 23
5890 24 21 22 23
5889 24 21 22 23
5888 24 21 22 23
5887 24 21 22 23
5886 24 21 22 23
5885 24 21 22 23
5884 24 21 22 23
5883 24 21 22 23
5882 24 21 22 23
5881 24 21 22 23
5880 24 21 22 23
5879 24 21 22 23
5878 24 21 22 23
5877 24 21 22 23
5876 24 21 22 23
5875 24 21 22 23
5874 24 21 22 23
5873 24 21 22 23
5872 24 21 22 23
5871 24 21 22 23
5870 24 21 22 23
5869 24 21 22 23
5868 24 21 22 23
5867 24 21 22 23
5866 24 21 22 23
5865 24 21 22 23
5864 24 21 22 23
5863 24 21 22 23
5862 24 21 22 23
5861 24 21 22 23
5860 24 21 22 23
0 -1 -1 -1 -1
5858 24 21 22 23
5852 24 21 22 23
5851 24 21 22 23
5850 24 21 22 23
5849 24 21 22 23
5848 24 21 22 23
5847 24 21 22 23
5846 24 21 22 23
5845 24 21 22 23
5844 24 21 22 23
5843 24 21 22 23
5842 24 21 22 23
5841 24 21 22 23
5840 24 21 22 23
5839 24 21 22 23
5838 24 21 22 23
5837 24 21 22 23
5836 24 21 22 23
5835 24 21 22 23
5834 24 21 22 23
5833 24 21 22 23
5832 24 21 22 23
5831 24 21 22 23
5830 24 21 22 23
5829 24 21 22 23
5828 24 21 22 23
5827 24 21 22 23
5826 24 21 22 23
5825 24 21 22 23
5823 24 21 22 23
5821 24 21 22 23
5820 24 21 22 23
5817 21 25 26 22
5816 21 25 26 22
5815 21 25 26 22
5814 21 25 26 22
5813 21 25 26 22
5812 21 25 26 22
5811 21 25 26 22
5810 21 25 26 22
5809 21 25 26 22
5808 21 25 26 22
5807 21 25 26 22
5806 21 25 26 22
5805 21 25 26 22
5804 21 25 26 22
5803 21 25 26 22
5802 21 25 26 22
5801 21 25 26 22
5800 21 25 26 22
5798 21 25 26 22
5797 21 25 26 22
5796 21 25 26 22
5795 21 25 26 22
5794 21 25 26 22
5793 21 25 26 22
5792 21 25 26 22
5791 21 25 26 22
5790 21 25 26 22
5789 21 25 26 22
5788 21 25 26 22
5787 21 25 26 22
5786 21 25 26 22
5785 21 25 26 22
5783 21 25 26 22
5782 21 25 26 22
5781 21 25 26 22
5780 21 25 26 22
5779 21 25 26 22
5778 21 25 26 22
5777 21 25 26 22
5776 21 25 26 22
5775 21 25 26 22
5774 21 25 26 22
5773 21 25 26 22
5772 21 25 26 22
5771 21 25 26 22
5770 21 25 26 22
5769 21 25 26 22
5768 21 25 26 22
5767 21 25 26 22
5766 21 25 26 22
5765 21 25 26 22
5764 21 25 26 22
5763 21 25 26 22
5762 21 25 26 22
5761 21 25 26 22
5760 21 25 26 22
5759 21 25 26 22
5758 21 25 26 22
5757 21 25 26 22
5756 21 25 26 22
5755 21 25 26 22
5754 21 25 26 22
5753 21 25 26 22
5752 21 25 26 22
5751 21 25 26 22
5750 21 25 26 22
5749 21 25 26 22
5748 21 25 26 22
5747 21 25 26 22
5746 21 25 26 22
5745 21 25 26 22
5744 21 25 26 22
5743 21 25 26 22
5742 21 25 26 22
5741 21 25 26 22
5740 21 25 26 22
5739 21 25 26 22
5738 21 25 26 22
5737 21 25 26 22
5736 21 25 26 22
5735 21 25 26 22
5734 21 25 26 22
5733 21 25 26 20
5732 21 25 26 20
5731 21 25 26 20
5730 21 25 26 20
5729 21 25 26 20
5728 21 25 26 20
5727 21 25 26 20
5726 21 25 26 20
5725 21 25 26 20
5724 21 25 26 20
5723 21 25 26 20
5721 21 25 26 20
5719 24 21 22 23
5718 24 21 22 23
5717 24 21 22 23
5716 24 21 22 23
5715 24 21 22 23
5709 24 21 22 23
5708 24 21 22 23
5707 24 21 22 23
5706 24 21 22 23
5705 24 21 22 23
5704 24 21 22 23
5703 24 21 22 23
5702 24 21 22 23
5701 24 21 22 23
5700 24 21 22 23
5699 24 21 22 23
5698 24 21 22 23
5697 24 21 22 23
5696 24 21 22 23
5695 24 21 22 23
5694 24 21 22 23
5693 24 21 22 23
5692 24 21 22 23
5691 24 21 22 23
5690 24 21 22 23
5689 24 21 22 23
5688 24 21 22 23
5687 24 21 22 23
5686 24 21 22 23
5685 24 21 22 23
5684 24 21 22 23
5683 24 21 22 23
5682 24 21 22 23
5681 24 21 22 23
5680 24 21 22 23
5679 24 21 22 23
5678 24 21 22 23
5677 24 21 22 23
5676 24 21 22 23
5673 24 21 22 23
5673 24 21 22 23
5670 24 21 22 23
5667 24 21 22 23
0 -1 -1 -1 -1
5665 24 21 22 23
0 -1 -1 -1 -1
5663 24 21 22 23
5661 24 21 22 23
5659 24 25 22 27
0 -1 -1 -1 -1
5657 24 25 22 27
5656 24 25 22 27
5655 24 25 22 27
0 -1 -1 -1 -1
5653 24 25 22 27
5652 24 25 22 27
5651 24 25 22 27
5650 24 25 22 27
5649 24 25 22 27
5648 24 25 22 27
5647 24 25 22 27
5646 24 25 22 27
5645 24 25 22 27
5644 24 25 22 27
5643 24 25 22 27
5642 24 25 22 27
5641 24 25 22 27
5640 24 25 22 27
5639 24 25 22 27
5638 24 25 22 27
5637 24 25 22 27
5636 24 25 22 27
5635 24 25 22 27
5634 24 25 22 27
5633 24 25 22 27
5632 24 25 22 27
5630 24 25 22 27
5629 24 25 22 27
5628 24 25 22 27
5627 24 25 22 27
5626 24 25 22 27
5625 24 25 22 27
5624 24 25 22 27
5623 24 25 22 27
5622 24 25 22 27
5621 24 25 22 27
5620 24 25 22 27
5619 24 25 22 27
5618 24 25 22 27
5617 24 25 22 27
5616 24 25 22 27
5615 24 25 22 27
5614 24 25 22 27
5613 24 25 22 27
5612 24 25 22 27
5611 24 25 22 27
5610 24 25 22 27
5609 24 25 22 27
0 -1 -1 -1 -1
5608 24 25 22 27
5607 24 25 22 27
5604 24 25 22 27
5603 24 25 22 27
5602 24 25 22 27
5601 24 25 22 27
5600 24 25 22 27
5599 24 25 22 27
5598 24 25 22 27
5597 24 25 22 27
5596 24 25 22 27
5595 24 25 22 27
5594 24 25 22 27
5593 24 25 22 27
5592 24 25 22 27
5591 24 25 22 27
5590 24 25 22 27
5589 24 25 22 27
5588 24 25 22 27
5586 24 21 26 23
5585 24 21 26 23
5584 24 21 26 23
5583 24 21 26 23
5582 24 21 26 23
5581 24 21 26 23
5580 24 21 26 23
5579 24 21 26 23
5578 24 21 26 23
5577 24 21 26 23
5576 24 21 26 23
5575 24 21 26 23
5574 24 21 26 23
5573 24 21 26 23
5572 24 21 26 23
5571 24 21 26 23
5570 24 21 26 23
5569 24 21 26 23
5568 24 21 26 23
5567 24 21 26 23
5566 24 21 26 23
5565 24 21 26 23
5564 24 21 26 23
5563 24 21 26 23
5562 24 21 26 23
5561 24 21 26 23
5560 24 21 26 23
5559 24 21 26 23
5558 24 21 26 23
5557 24 21 26 23
5556 24 21 26 23
5555 24 21 26 23
5554 24 21 26 23
5553 24 21 26 23
5552 24 21 26 23
5551 24 21 26 23
5550 24 21 26 23
5549 24 21 26 23
5548 24 21 26 23
5547 24 21 26 23
5546 24 21 26 23
5545 24 21 26 23
5544 24 21 26 23
5543 24 21 26 23
5542 24 21 26 23
5541 24 21 26 23
5540 24 21 26 23
5539 24 21 26 23
5538 24 21 26 23
5537 24 21 26 23
5536 24 21 26 23
5534 24 21 26 23
5531 24 21 26 23
5530 24 21 26 23
5529 24 21 26 23
5525 23 21 26 27
5523 23 21 26 27
5522 23 21 26 27
5521 23 21 26 27
5520 23 21 26 27
5518 23 21 26 27
5516 23 21 26 27
5514 23 21 26 27
5513 23 21 26 27
0 -1 -1 -1 -1
5511 23 21 26 27
0 -1 -1 -1 -1
5509 23 21 26 27
5508 23 21 26 27
5507 23 21 26 27
5505 23 21 26 27
5504 23 21 26 27
5503 23 21 26 27
5502 23 21 26 27
5501 23 21 26 27
5500 23 21 26 27
5499 23 21 26 27
5498 23 21 26 27
5497 23 21 26 27
5496 23 21 26 27
5495 23 21 26 27
5494 23 21 26 27
5493 23 21 26 27
5492 23 21 26 27
5491 23 21 26 27
5490 23 21 26 27
5489 23 21 26 27
5488 23 21 26 27
5487 23 21 26 27
5486 23 21 26 27
5485 23 21 26 27
5484 23 21 26 27
5483 23 21 26 27
5482 23 21 26 27
5481 23 21 26 27
5480 23 21 26 27
5479 23 21 26 27
5478 23 21 26 27
5477 23 21 26 27
5476 23 21 26 27
5475 23 21 26 27
5474 23 21 26 27
5473 23 21 26 27
5472 23 21 26 27
5470 23 21 26 27
5469 23 21 26 27
5468 23 21 26 27
5467 23 21 26 27
5466 23 21 26 27
5465 23 21 26 27
5464 23 21 26 27
5463 23 21 26 27
5462 23 21 26 27
5461 23 21 26 27
5460 23 21 26 27
5459 23 21 26 27
5458 23 21 26 27
5457 23 21 26 27
5456 23 21 26 27
5455 23 21 26 27
5454 23 21 26 27
5453 23 21 26 27
5452 23 21 26 27
5451 23 21 26 27
5450 23 21 26 27
5448 23 21 26 27
5447 23 21 26 27
5446 23 21 26 27
5445 24 25 26 27
5444 24 25 26 27
5442 24 25 26 27
5440 24 25 26 27
5439 24 25 26 27
5438 24 25 26 27
5437 24 25 26 27
5436 24 25 26 27
5435 24 25 26 27
5434 24 25 26 27
5433 24 25 26 27
5432 24 25 26 27
5431 24 25 26 27
5430 24 25 26 27
5429 24 25 26 27
5428 24 25 26 27
5427 24 25 26 27
5426 24 25 26 27
5425 24 25 26 27
5424 24 25 26 27
